250	0.6726006
251	0.658688
252	0.642336
253	0.6233315
254	0.6015693
255	0.5768632
256	0.549059
257	0.5181797
258	0.4840246
259	0.4469505
260	0.4072211
261	0.3657247
262	0.3222401
263	0.2810254
264	0.2456897
265	0.2207359
266	0.209202
267	0.213622
268	0.232732
269	0.2641682
270	0.3031109
271	0.345141
272	0.3874743
273	0.4277626
274	0.4646646
275	0.4978606
276	0.5261325
277	0.5497161
278	0.5705898
279	0.5889665
280	0.6052887
281	0.6195893
282	0.6321555
283	0.6432224
284	0.6528298
285	0.6608704
286	0.667097
287	0.671743
288	0.6737921
289	0.6740207
290	0.6722786
291	0.669363
292	0.665517
293	0.6611208
294	0.6563082
295	0.6511859
296	0.645931
297	0.6404234
298	0.6347024
299	0.6288016
300	0.6225841
301	0.6160412
302	0.60917
303	0.6019896
304	0.5943871
305	0.5863687
306	0.5778822
307	0.5689328
308	0.5595107
309	0.5496028
310	0.5391393
311	0.5290711
312	0.5185642
313	0.5076366
314	0.4962703
315	0.4844555
316	0.4721477
317	0.4593613
318	0.4461099
319	0.4323553
320	0.4180964
321	0.4033028
322	0.3880003
323	0.3721621
324	0.3559217
325	0.3392748
326	0.3221792
327	0.3047513
328	0.2870577
329	0.2691082
330	0.2509962
331	0.2328447
332	0.2147473
333	0.1968226
334	0.17921
335	0.1620663
336	0.1455692
337	0.1297839
338	0.1149073
339	0.1011637
340	0.0886924
341	0.0776351
342	0.0681273
343	0.0602985
344	0.0542649
345	0.0501071
346	0.0478778
347	0.0476132
348	0.0493171
349	0.0529628
350	0.0585182
351	0.0658984
352	0.0750754
353	0.0859794
354	0.0984809
355	0.1121452
356	0.127004
357	0.1430298
358	0.1600751
359	0.1777984
360	0.1960465
361	0.2144827
362	0.2329795
363	0.2511161
364	0.2685926
365	0.2853277
366	0.3009824
367	0.3156438
368	0.3290465
369	0.3414362
370	0.3526782
371	0.3630443
372	0.3724939
373	0.3810718
374	0.3886922
375	0.3955381
376	0.4017603
377	0.4072913
378	0.4124106
379	0.417122
380	0.4214376
381	0.4253946
382	0.4290219
383	0.4323933
384	0.4355597
385	0.4384262
386	0.4411933
387	0.443681
388	0.4460033
389	0.4481443
390	0.4500489
391	0.4518854
392	0.4534722
393	0.4549619
394	0.4562912
395	0.4574247
396	0.4585194
397	0.4593968
398	0.4601691
399	0.4607998
400	0.4612404
401	0.4616468
402	0.4618604
403	0.4619601
404	0.4619616
405	0.461784
406	0.4614808
407	0.4610182
408	0.4604156
409	0.4597761
410	0.4589747
411	0.4580677
412	0.4570648
413	0.4559076
414	0.4546808
415	0.4533546
416	0.4519053
417	0.4504314
418	0.4488434
419	0.4471524
420	0.4454227
421	0.4435784
422	0.4416464
423	0.4396619
424	0.4375662
425	0.4353911
426	0.4331549
427	0.4308168
428	0.4284078
429	0.4259313
430	0.4233561
431	0.4207179
432	0.4180169
433	0.415221
434	0.4123889
435	0.4095263
436	0.4065779
437	0.4035256
438	0.4003603
439	0.3971049
440	0.3937962
441	0.3904691
442	0.3870595
443	0.3835721
444	0.380015
445	0.3763759
446	0.3726599
447	0.3689921
448	0.3652536
449	0.3614457
450	0.357497
451	0.3534561
452	0.349342
453	0.345243
454	0.3411593
455	0.3370141
456	0.3328195
457	0.3286111
458	0.3243463
459	0.3200268
460	0.3157021
461	0.311338
462	0.3069252
463	0.3024824
464	0.2980218
465	0.2935197
466	0.2889781
467	0.2842146
468	0.2793892
469	0.2745221
470	0.2697003
471	0.2649836
472	0.2602385
473	0.2554674
474	0.2503694
475	0.2451594
476	0.2399199
477	0.2347271
478	0.2299321
479	0.2251269
480	0.2203145
481	0.2154074
482	0.2103891
483	0.2053676
484	0.200346
485	0.195412
486	0.1905212
487	0.1856405
488	0.1807733
489	0.1759548
490	0.1711602
491	0.166389
492	0.1616442
493	0.1569158
494	0.1522195
495	0.147559
496	0.1429438
497	0.1386015
498	0.1343021
499	0.1300486
500	0.1258357
501	0.1215827
502	0.1173846
503	0.1132445
504	0.1091691
505	0.1053401
506	0.1015743
507	0.0978743
508	0.0942422
509	0.0904672
510	0.0867431
511	0.0830997
512	0.0795397
513	0.0761712
514	0.0729339
515	0.0697817
516	0.0667166
517	0.0637187
518	0.0607826
519	0.0579402
520	0.0551931
521	0.0525444
522	0.0500109
523	0.0475761
524	0.0452413
525	0.0430077
526	0.0408511
527	0.0387864
528	0.0368275
529	0.0349751
530	0.0332382
531	0.0316464
532	0.0301573
533	0.0287708
534	0.0274871
535	0.0263135
536	0.0252448
537	0.0242749
538	0.0234032
539	0.0226291
540	0.0219286
541	0.0213286
542	0.0208295
543	0.0204301
544	0.0201307
545	0.0199308
546	0.0198238
547	0.0198085
548	0.0198834
549	0.020048
550	0.0203077
551	0.0206622
552	0.0211099
553	0.021649
554	0.0222534
555	0.0229129
556	0.0236448
557	0.0244472
558	0.0253184
559	0.0262818
560	0.0273394
561	0.0284686
562	0.0296676
563	0.0309341
564	0.0322461
565	0.0335935
566	0.0349975
567	0.0364561
568	0.0379673
569	0.0395402
570	0.0411926
571	0.0428952
572	0.0446459
573	0.0464429
574	0.0482839
575	0.0501532
576	0.0520622
577	0.054009
578	0.0559919
579	0.0580089
580	0.0600271
581	0.0620576
582	0.0641151
583	0.0661979
584	0.0683045
585	0.0704395
586	0.0726227
587	0.0748263
588	0.077049
589	0.0792893
590	0.0815458
591	0.0838307
592	0.086138
593	0.0884581
594	0.0907896
595	0.0931311
596	0.0954816
597	0.0978376
598	0.1002001
599	0.1025681
600	0.1049403
601	0.1073158
602	0.1096907
603	0.1120512
604	0.114412
605	0.116772
606	0.1191303
607	0.1214861
608	0.1238397
609	0.1261929
610	0.1285412
611	0.130884
612	0.1332204
613	0.1355498
614	0.1378751
615	0.1402035
616	0.1425234
617	0.1448342
618	0.1471354
619	0.1494262
620	0.1517039
621	0.1538709
622	0.1560262
623	0.1581696
624	0.1603202
625	0.1624587
626	0.1645844
627	0.1667079
628	0.1688202
629	0.170919
630	0.1730081
631	0.1750853
632	0.1771483
633	0.1791957
634	0.1812273
635	0.183244
636	0.1852458
637	0.1872331
638	0.189205
639	0.1911612
640	0.1930937
641	0.1950096
642	0.1969095
643	0.1987848
644	0.2006386
645	0.202476
646	0.2042996
647	0.206114
648	0.2079118
649	0.209693
650	0.2114565
651	0.2132035
652	0.2149339
653	0.216654
654	0.2183648
655	0.220059
656	0.2217369
657	0.2234064
658	0.2250595
659	0.2266962
660	0.2283107
661	0.2299035
662	0.2314797
663	0.2330393
664	0.2345853
665	0.2361147
666	0.2376274
667	0.2391258
668	0.2406104
669	0.2420785
670	0.2435303
671	0.2449654
672	0.2463841
673	0.2477867
674	0.2491736
675	0.2505463
676	0.251903
677	0.2532439
678	0.2545751
679	0.2558964
680	0.2572021
681	0.2584922
682	0.259769
683	0.2610312
684	0.2622782
685	0.2635101
686	0.2647308
687	0.2659365
688	0.2671273
689	0.2683027
690	0.2694613
691	0.2706053
692	0.2717346
693	0.2728494
694	0.2739499
695	0.275036
696	0.2761077
697	0.2771636
698	0.2782037
699	0.2792297
700	0.2802417
701	0.2812427
702	0.2822324
703	0.2832084
704	0.2841707
705	0.2851195
706	0.2860549
707	0.286977
708	0.2878858
709	0.2887769
710	0.2896509
711	0.2905119
712	0.2913598
713	0.2922039
714	0.2930454
715	0.2938744
716	0.2946908
717	0.2954999
718	0.2963061
719	0.2971001
720	0.297882
721	0.2986503
722	0.2994
723	0.3001378
724	0.3008638
725	0.3015781
726	0.3022763
727	0.3029628
728	0.3036377
729	0.3043012
730	0.3049606
731	0.3056117
732	0.3062517
733	0.3068807
734	0.3075025
735	0.3081192
736	0.3087251
737	0.3093203
738	0.3099046
739	0.3104641
740	0.3110131
741	0.3115517
742	0.31208
743	0.3125956
744	0.3130995
745	0.3135933
746	0.3140771
747	0.3145503
748	0.3150097
749	0.3154592
750	0.3158989
751	0.3163289
752	0.3167593
753	0.3171865
754	0.3176043
755	0.3180128
756	0.3184121
757	0.3188118
758	0.3192025
759	0.319584
760	0.3199567
761	0.3203226
762	0.3206831
763	0.3210349
764	0.3213779
765	0.3217123
766	0.3220428
767	0.3223669
768	0.3226825
769	0.3229898
770	0.3232888
771	0.3235631
772	0.3238282
773	0.3240852
774	0.324334
775	0.3245734
776	0.3247936
777	0.3250058
778	0.3252102
779	0.3254068
780	0.3255989
781	0.3257927
782	0.3259789
783	0.3261576
784	0.3263289
785	0.3264919
786	0.3266458
787	0.3267924
788	0.3269318
789	0.327064
790	0.3271912
791	0.3273159
792	0.3274335
793	0.3275443
794	0.327648
795	0.3277422
796	0.3278217
797	0.3278944
798	0.3279604
799	0.3280198
800	0.3280712
801	0.3281072
802	0.3281367
803	0.3281597
804	0.3281762
805	0.3281864
806	0.3282146
807	0.328238
808	0.3282552
809	0.3282663
810	0.3282713
811	0.3282831
812	0.3282953
813	0.3283016
814	0.3283019
815	0.3282965
816	0.3282786
817	0.328242
818	0.3281998
819	0.3281518
820	0.3280983
821	0.3280391
822	0.327965
823	0.3278849
824	0.3277992
825	0.3277082
826	0.3276117
827	0.3275131
828	0.3274126
829	0.3273068
830	0.3271958
831	0.3270796
832	0.3269582
833	0.3268316
834	0.3267
835	0.3265633
836	0.3264216
837	0.3262749
838	0.3261234
839	0.3259669
840	0.3258055
841	0.3256394
842	0.3254684
843	0.3252927
844	0.3251124
845	0.3249273
846	0.3247376
847	0.3245434
848	0.3243446
849	0.3241412
850	0.3239334
851	0.3237211
852	0.3235044
853	0.3232834
854	0.323058
855	0.3228283
856	0.3225943
857	0.3223561
858	0.3221137
859	0.3218672
860	0.3216164
861	0.3213616
862	0.3211028
863	0.3208399
864	0.3205729
865	0.3203021
866	0.3200272
867	0.3197485
868	0.3194659
869	0.3191795
870	0.3188893
871	0.3185953
872	0.3182975
873	0.317996
874	0.3176909
875	0.3173821
876	0.3170696
877	0.3167536
878	0.316434
879	0.3161109
880	0.3157843
881	0.3154542
882	0.3151207
883	0.3147837
884	0.3144434
885	0.3140998
886	0.3137623
887	0.3134357
888	0.3131058
889	0.3127727
890	0.3124364
891	0.3120968
892	0.3117541
893	0.3114081
894	0.3110591
895	0.310707
896	0.3103517
897	0.3099935
898	0.3096321
899	0.3092678
900	0.3089006
901	0.3085304
902	0.3081572
903	0.3077812
904	0.3074022
905	0.3070205
906	0.3066359
907	0.3062485
908	0.3058583
909	0.3054654
910	0.3050698
911	0.3046715
912	0.3042705
913	0.3038668
914	0.3034605
915	0.3030516
916	0.3026402
917	0.3022261
918	0.3018096
919	0.3013905
920	0.3009689
921	0.3005449
922	0.3001185
923	0.2996896
924	0.2992583
925	0.2988246
926	0.2983886
927	0.2979503
928	0.2975097
929	0.2970667
930	0.2966216
931	0.2961741
932	0.2957245
933	0.2952727
934	0.2948187
935	0.2943625
936	0.2939042
937	0.2934438
938	0.2929813
939	0.2925167
940	0.2920501
941	0.2915814
942	0.2911108
943	0.2906381
944	0.2901635
945	0.2896869
946	0.2892085
947	0.2887281
948	0.2882458
949	0.2877617
950	0.2872757
951	0.2867879
952	0.2862983
953	0.285807
954	0.2853166
955	0.2848313
956	0.2843442
957	0.2838553
958	0.2833648
959	0.2828725
960	0.2823786
961	0.281883
962	0.2813857
963	0.2808869
964	0.2803864
965	0.2798843
966	0.2793807
967	0.2788756
968	0.2783689
969	0.2778606
970	0.277351
971	0.2768398
972	0.2763271
973	0.2758131
974	0.2752975
975	0.2747807
976	0.2742623
977	0.2737427
978	0.2732216
979	0.2726993
980	0.2721756
981	0.2716506
982	0.2711243
983	0.2705968
984	0.270068
985	0.269538
986	0.2690068
987	0.2684743
988	0.2679407
989	0.2674058
990	0.2668699
991	0.2663328
992	0.2657946
993	0.2652553
994	0.2647149
995	0.2641734
996	0.2636309
997	0.2630873
998	0.2625428
999	0.2619971
1000	0.2614506
1001	0.2609098
1002	0.260368
1003	0.2598253
1004	0.2592816
1005	0.258737
1006	0.2581914
1007	0.257645
1008	0.2570976
1009	0.2565494
1010	0.2560003
1011	0.2554504
1012	0.2548997
1013	0.2543481
1014	0.2537958
1015	0.2532426
1016	0.2526887
1017	0.2521341
1018	0.2515787
1019	0.2510225
1020	0.2504657
1021	0.2499081
1022	0.2493499
1023	0.248791
1024	0.2482315
1025	0.2476712
1026	0.2471105
1027	0.246549
1028	0.245987
1029	0.2454243
1030	0.2448612
1031	0.2442974
1032	0.2437331
1033	0.2431683
1034	0.2426029
1035	0.2420371
1036	0.2414707
1037	0.2409039
1038	0.2403366
1039	0.2397689
1040	0.2392007
1041	0.2386321
1042	0.238063
1043	0.2374937
1044	0.2369238
1045	0.2363537
1046	0.2357831
1047	0.2352123
1048	0.234641
1049	0.2340695
1050	0.2334977
1051	0.2329116
1052	0.232322
1053	0.2317321
1054	0.2311422
1055	0.230552
1056	0.2299802
1057	0.2294126
1058	0.2288449
1059	0.2282769
1060	0.2277087
1061	0.2271403
1062	0.2265717
1063	0.2260029
1064	0.225434
1065	0.2248649
1066	0.2242957
1067	0.2237263
1068	0.2231568
1069	0.2225872
1070	0.2220175
1071	0.2214477
1072	0.2208778
1073	0.2203079
1074	0.2197379
1075	0.2191679
1076	0.2185978
1077	0.2180278
1078	0.2174576
1079	0.2168876
1080	0.2163175
1081	0.2157474
1082	0.2151775
1083	0.2146075
1084	0.2140376
1085	0.2134677
1086	0.212899
1087	0.2123305
1088	0.2117622
1089	0.211194
1090	0.2106259
1091	0.2100571
1092	0.2094882
1093	0.2089195
1094	0.2083509
1095	0.2077825
1096	0.2072149
1097	0.2066477
1098	0.2060805
1099	0.2055137
1100	0.2049469
