187	0.6571
187.25	0.61836
187.5	0.65017
187.75	0.73434
188	0.57535
188.25	0.59095
188.5	0.57709
188.75	0.56263
189	0.53834
189.25	0.52624
189.5	0.5197
189.75	0.51486
190	0.51667
190.25	0.51175
190.5	0.50672
190.75	0.49475
191	0.48655
191.25	0.47694
191.5	0.46419
191.75	0.46148
192	0.45773
192.25	0.45635
192.5	0.4519
192.75	0.44465
193	0.43777
193.25	0.43511
193.5	0.43377
193.75	0.43446
194	0.43539
194.25	0.4354
194.5	0.44071
194.75	0.44168
195	0.43118
195.25	0.42393
195.5	0.42219
195.75	0.42381
196	0.42472
196.25	0.42517
196.5	0.42899
196.75	0.42824
197	0.42822
197.25	0.4303
197.5	0.42906
197.75	0.43073
198	0.43356
198.25	0.43454
198.5	0.4331
198.75	0.43455
199	0.434
199.25	0.43267
199.5	0.43313
199.75	0.43349
200	0.43357
200.25	0.43512
200.5	0.43906
200.75	0.44249
201	0.44251
201.25	0.44803
201.5	0.45537
201.75	0.45598
202	0.45234
202.25	0.45103
202.5	0.45254
202.75	0.44943
203	0.44274
203.25	0.43025
203.5	0.41433
203.75	0.39672
204	0.37061
204.25	0.34349
204.5	0.31631
204.75	0.28747
205	0.26224
205.25	0.23476
205.5	0.21118
205.75	0.19336
206	0.18241
206.25	0.18138
206.5	0.18706
206.75	0.19606
207	0.21365
207.25	0.24166
207.5	0.27295
207.75	0.30085
208	0.33467
208.25	0.36664
208.5	0.40026
208.75	0.4388
209	0.4775
209.25	0.51374
209.5	0.5495
209.75	0.58644
210	0.62195
210.25	0.656
210.5	0.6875
210.75	0.71623
211	0.74353
211.25	0.76964
211.5	0.79578
211.75	0.81899
212	0.83813
212.25	0.85681
212.5	0.87298
212.75	0.88777
213	0.90213
213.25	0.91466
213.5	0.92466
213.75	0.93206
214	0.93966
214.25	0.94689
214.5	0.95317
214.75	0.95807
215	0.96125
215.25	0.96298
215.5	0.96409
215.75	0.9656
216	0.96476
216.25	0.96267
216.5	0.95887
216.75	0.95367
217	0.95087
217.25	0.94866
217.5	0.9452
217.75	0.94167
218	0.93699
218.25	0.92954
218.5	0.92189
218.75	0.91305
219	0.90553
219.25	0.89754
219.5	0.88756
219.75	0.87851
220	0.86928
220.25	0.85949
220.5	0.84943
220.75	0.8381
221	0.82624
221.25	0.81477
221.5	0.80229
221.75	0.78855
222	0.7739
222.25	0.75903
222.5	0.744
222.75	0.72805
223	0.7122
223.25	0.69521
223.5	0.67703
223.75	0.65895
224	0.64173
224.25	0.62497
224.5	0.6062
224.75	0.58554
225	0.5651
225.25	0.54522
225.5	0.52469
225.75	0.50363
226	0.48287
226.25	0.46194
226.5	0.44047
226.75	0.41944
227	0.39882
227.25	0.37794
227.5	0.35661
227.75	0.33616
228	0.31603
228.25	0.29651
228.5	0.27861
228.75	0.25964
229	0.24187
229.25	0.22692
229.5	0.2118
229.75	0.19811
230	0.18598
230.25	0.17452
230.5	0.16431
230.75	0.15593
231	0.14926
231.25	0.14346
231.5	0.13852
231.75	0.13597
232	0.13354
232.25	0.13222
232.5	0.13345
232.75	0.13535
233	0.13785
233.25	0.14156
233.5	0.1468
233.75	0.15225
234	0.15853
234.25	0.16523
234.5	0.17268
234.75	0.18131
235	0.18919
235.25	0.19791
235.5	0.20748
235.75	0.21603
236	0.22493
236.25	0.23468
236.5	0.24484
236.75	0.25451
237	0.26378
237.25	0.2738
237.5	0.28342
237.75	0.29232
238	0.30148
238.25	0.31023
238.5	0.31899
238.75	0.32789
239	0.33617
239.25	0.34441
239.5	0.35207
239.75	0.3596
240	0.36755
240.25	0.37449
240.5	0.38083
240.75	0.38735
241	0.39362
241.25	0.40022
241.5	0.40645
241.75	0.41157
242	0.41641
242.25	0.42158
242.5	0.42687
242.75	0.43131
243	0.43491
243.25	0.43815
243.5	0.44164
243.75	0.44523
244	0.44884
244.25	0.45215
244.5	0.45525
244.75	0.45816
245	0.46066
245.25	0.46293
245.5	0.46526
245.75	0.4674
246	0.46914
246.25	0.47059
246.5	0.47191
246.75	0.47313
247	0.47452
247.25	0.47599
247.5	0.47684
247.75	0.47768
248	0.47821
248.25	0.47859
248.5	0.47936
248.75	0.47999
249	0.48036
249.25	0.48075
249.5	0.48137
249.75	0.48204
250	0.48229
250.25	0.4819
250.5	0.48116
250.75	0.48037
251	0.47965
251.25	0.47903
251.5	0.4784
251.75	0.47773
252	0.47711
252.25	0.47662
252.5	0.47598
252.75	0.47532
253	0.4749
253.25	0.47439
253.5	0.47372
253.75	0.47278
254	0.47156
254.25	0.4703
254.5	0.46891
254.75	0.46767
255	0.46662
255.25	0.4655
255.5	0.46416
255.75	0.46276
256	0.46148
256.25	0.46048
256.5	0.45938
256.75	0.45806
257	0.4566
257.25	0.45502
257.5	0.45366
257.75	0.45208
258	0.44993
258.25	0.44786
258.5	0.44635
258.75	0.44497
259	0.44343
259.25	0.44134
259.5	0.43909
259.75	0.43732
260	0.43572
260.25	0.43406
260.5	0.43237
260.75	0.43052
261	0.42887
261.25	0.427
261.5	0.42479
261.75	0.4227
262	0.42045
262.25	0.41823
262.5	0.41627
262.75	0.41446
263	0.41256
263.25	0.41065
263.5	0.40863
263.75	0.40642
264	0.40403
264.25	0.40206
264.5	0.40043
264.75	0.39853
265	0.39668
265.25	0.3948
265.5	0.39239
265.75	0.38983
266	0.38782
266.25	0.38611
266.5	0.38424
266.75	0.38197
267	0.37901
267.25	0.37626
267.5	0.37374
267.75	0.37099
268	0.36845
268.25	0.36615
268.5	0.36349
268.75	0.36095
269	0.35895
269.25	0.35669
269.5	0.35391
269.75	0.35105
270	0.34808
270.25	0.34524
270.5	0.3428
270.75	0.34023
271	0.33773
271.25	0.33481
271.5	0.33134
271.75	0.32832
272	0.32559
272.25	0.32286
272.5	0.31983
272.75	0.31622
273	0.31249
273.25	0.30924
273.5	0.30583
273.75	0.30256
274	0.29947
274.25	0.29596
274.5	0.29221
274.75	0.28881
275	0.28549
275.25	0.28185
275.5	0.27813
275.75	0.27439
276	0.27021
276.25	0.2659
276.5	0.26187
276.75	0.2582
277	0.25443
277.25	0.25037
277.5	0.24632
277.75	0.2423
278	0.2382
278.25	0.2341
278.5	0.22979
278.75	0.2255
279	0.22133
279.25	0.21722
279.5	0.21345
279.75	0.20955
280	0.2054
280.25	0.20086
280.5	0.19662
280.75	0.19263
281	0.18812
281.25	0.18401
281.5	0.18018
281.75	0.17591
282	0.1717
282.25	0.16791
282.5	0.16434
282.75	0.1603
283	0.15604
283.25	0.1523
283.5	0.14868
283.75	0.14473
284	0.14062
284.25	0.13673
284.5	0.13315
284.75	0.12946
285	0.1262
285.25	0.12314
285.5	0.11963
285.75	0.11613
286	0.11265
286.25	0.1096
286.5	0.10688
286.75	0.10353
287	0.10071
287.25	0.09832
287.5	0.09548
287.75	0.09294
288	0.09123
288.25	0.08881
288.5	0.08593
288.75	0.08404
289	0.08261
289.25	0.08058
289.5	0.07871
289.75	0.07734
290	0.07578
290.25	0.07429
290.5	0.07332
290.75	0.0723
291	0.07131
291.25	0.07062
291.5	0.07016
291.75	0.06949
292	0.06877
292.25	0.06873
292.5	0.06854
292.75	0.06826
293	0.06812
293.25	0.06825
293.5	0.06878
293.75	0.06921
294	0.0693
294.25	0.06973
294.5	0.06988
294.75	0.06998
295	0.07108
295.25	0.07208
295.5	0.07267
295.75	0.07366
296	0.07461
296.25	0.07537
296.5	0.07654
296.75	0.07743
297	0.07851
297.25	0.07951
297.5	0.08066
297.75	0.08177
298	0.08284
298.25	0.08403
298.5	0.08487
298.75	0.0862
299	0.08749
299.25	0.08871
299.5	0.09007
299.75	0.09112
300	0.09246
300.25	0.09396
300.5	0.09522
300.75	0.09618
301	0.09768
301.25	0.09911
301.5	0.10007
301.75	0.10133
302	0.10225
302.25	0.10341
302.5	0.10472
302.75	0.1057
303	0.10681
303.25	0.10834
303.5	0.11008
303.75	0.11092
304	0.11162
304.25	0.11269
304.5	0.11389
304.75	0.11532
305	0.11647
305.25	0.11745
305.5	0.1186
305.75	0.11974
306	0.12071
306.25	0.12156
306.5	0.12286
306.75	0.12398
307	0.12454
307.25	0.1255
307.5	0.12688
307.75	0.1278
308	0.12858
308.25	0.12953
308.5	0.13037
308.75	0.13137
309	0.13213
309.25	0.13298
309.5	0.13392
309.75	0.13471
310	0.1355
310.25	0.13617
310.5	0.13675
310.75	0.1378
311	0.13864
311.25	0.13954
311.5	0.14077
311.75	0.1413
312	0.1415
312.25	0.14251
312.5	0.1435
312.75	0.14405
313	0.14458
313.25	0.14525
313.5	0.14611
313.75	0.14665
314	0.14724
314.25	0.1481
314.5	0.14864
314.75	0.14917
315	0.14973
315.25	0.15014
315.5	0.1509
315.75	0.15191
316	0.15219
316.25	0.15238
316.5	0.15304
316.75	0.15356
317	0.1537
317.25	0.15438
317.5	0.1551
317.75	0.15522
318	0.15579
318.25	0.15664
318.5	0.15707
318.75	0.15746
319	0.1578
319.25	0.15814
319.5	0.15871
319.75	0.15942
320	0.15998
320.25	0.16018
320.5	0.16025
320.75	0.16074
321	0.16124
321.25	0.16137
321.5	0.16164
321.75	0.16195
322	0.16253
322.25	0.163
322.5	0.16341
322.75	0.16369
323	0.16374
323.25	0.16396
323.5	0.16452
323.75	0.16484
324	0.16494
324.25	0.16508
324.5	0.16536
324.75	0.16573
325	0.1654
325.25	0.16568
325.5	0.16646
325.75	0.16657
326	0.16697
326.25	0.16783
326.5	0.16786
326.75	0.16757
327	0.16767
327.25	0.1681
327.5	0.16823
327.75	0.16794
328	0.16803
328.25	0.16849
328.5	0.16877
328.75	0.16901
329	0.16919
329.25	0.16956
329.5	0.16987
329.75	0.1696
330	0.17015
330.25	0.17039
330.5	0.16981
330.75	0.17006
331	0.17067
331.25	0.17071
331.5	0.17109
331.75	0.17127
332	0.17117
332.25	0.17131
332.5	0.17125
332.75	0.17121
333	0.17125
333.25	0.17157
333.5	0.17178
333.75	0.17197
334	0.17193
334.25	0.17197
334.5	0.17209
334.75	0.17252
335	0.17269
335.25	0.1726
335.5	0.17242
335.75	0.17256
336	0.17271
336.25	0.17257
336.5	0.17245
336.75	0.17268
337	0.17267
337.25	0.17262
337.5	0.17304
337.75	0.17298
338	0.17266
338.25	0.17294
338.5	0.17316
338.75	0.17251
339	0.17253
339.25	0.17257
339.5	0.17227
339.75	0.17254
340	0.17296
340.25	0.17253
340.5	0.17272
340.75	0.1728
341	0.17191
341.25	0.17138
341.5	0.17128
341.75	0.17155
342	0.17159
342.25	0.1711
342.5	0.17154
342.75	0.17201
343	0.1709
343.25	0.17019
343.5	0.17056
343.75	0.17008
344	0.16959
344.25	0.16986
344.5	0.16972
344.75	0.16972
345	0.17026
345.25	0.16988
345.5	0.16912
345.75	0.16913
346	0.16899
346.25	0.16881
346.5	0.16874
346.75	0.16848
347	0.16836
347.25	0.16813
347.5	0.16794
347.75	0.1681
348	0.16776
348.25	0.16744
348.5	0.16741
348.75	0.16747
349	0.1675
349.25	0.16674
349.5	0.16592
349.75	0.16606
350	0.16665
350.25	0.16645
350.5	0.16587
350.75	0.1656
351	0.16528
351.25	0.16486
351.5	0.16523
351.75	0.16511
352	0.16478
352.25	0.16527
352.5	0.16548
352.75	0.16514
353	0.1644
353.25	0.1639
353.5	0.1639
353.75	0.16392
354	0.16427
354.25	0.16428
354.5	0.16372
354.75	0.1641
355	0.16414
355.25	0.1632
355.5	0.16307
355.75	0.16334
356	0.16306
356.25	0.16322
356.5	0.16267
356.75	0.16274
357	0.16364
357.25	0.16313
357.5	0.1623
357.75	0.16256
358	0.16329
358.25	0.16308
358.5	0.16317
358.75	0.16323
359	0.1624
359.25	0.16255
359.5	0.16279
359.75	0.16201
360	0.16149
360.25	0.16175
360.5	0.16164
360.75	0.1611
361	0.16084
361.25	0.16083
361.5	0.16049
361.75	0.16019
362	0.1601
362.25	0.15927
362.5	0.15876
362.75	0.15906
363	0.15872
363.25	0.15766
363.5	0.15751
363.75	0.15763
364	0.15724
364.25	0.15687
364.5	0.15678
364.75	0.1564
365	0.1559
365.25	0.15561
365.5	0.15478
365.75	0.15429
366	0.15382
366.25	0.15317
366.5	0.15276
366.75	0.15269
367	0.15216
367.25	0.15113
367.5	0.15066
367.75	0.15022
368	0.14965
368.25	0.14942
368.5	0.14926
368.75	0.14875
369	0.14812
369.25	0.14781
369.5	0.14758
369.75	0.14697
370	0.14645
370.25	0.1456
370.5	0.14496
370.75	0.14438
371	0.14411
371.25	0.14377
371.5	0.14295
371.75	0.14227
372	0.14198
372.25	0.14108
372.5	0.14014
372.75	0.13952
373	0.13893
373.25	0.13869
373.5	0.13812
373.75	0.13728
374	0.1364
374.25	0.13565
374.5	0.13482
374.75	0.13427
375	0.13403
375.25	0.13368
375.5	0.13263
375.75	0.13169
376	0.13104
376.25	0.13051
376.5	0.12995
376.75	0.12945
377	0.12838
377.25	0.12788
377.5	0.12736
377.75	0.12618
378	0.12548
378.25	0.12507
378.5	0.12449
378.75	0.1236
379	0.12273
379.25	0.12202
379.5	0.12137
379.75	0.12071
380	0.12022
380.25	0.11973
380.5	0.11928
380.75	0.11835
381	0.11771
381.25	0.11694
381.5	0.117
381.75	0.11658
382	0.11571
382.25	0.11502
382.5	0.11449
382.75	0.11375
383	0.11285
383.25	0.11202
383.5	0.11163
383.75	0.11177
384	0.11097
384.25	0.10994
384.5	0.10915
384.75	0.10863
385	0.10775
385.25	0.10726
385.5	0.10645
385.75	0.10549
386	0.10524
386.25	0.105
386.5	0.10445
386.75	0.10348
387	0.10247
387.25	0.10124
387.5	0.10024
387.75	0.09989
388	0.09959
388.25	0.09907
388.5	0.09821
388.75	0.09738
389	0.09658
389.25	0.09635
389.5	0.096
389.75	0.09509
390	0.09476
390.25	0.09436
390.5	0.09297
390.75	0.09217
391	0.09224
391.25	0.09132
391.5	0.08969
391.75	0.08888
392	0.08862
392.25	0.0875
392.5	0.08622
392.75	0.0853
393	0.08493
393.25	0.0845
393.5	0.0844
393.75	0.08409
394	0.08363
394.25	0.08323
394.5	0.08279
394.75	0.08211
395	0.08136
395.25	0.08088
395.5	0.0803
395.75	0.07942
396	0.07879
396.25	0.07877
396.5	0.07844
396.75	0.07751
397	0.07659
397.25	0.07539
397.5	0.07414
397.75	0.07307
398	0.0721
398.25	0.07259
398.5	0.07235
398.75	0.07094
399	0.07064
399.25	0.07113
399.5	0.07071
399.75	0.07032
400	0.07
400.25	0.07917
400.5	0.11283
400.75	-0.01342
