Energía	OFF	ON	Delta R/R		
6.52632	0.01461	0.01455	-0.42621
6.52288	0.01498	0.01498	0.02258
6.51945	0.01506	0.01509	0.17117
6.51603	0.01443	0.01445	0.15888
6.51261	0.01272	0.01275	0.2527
6.50919	0.01134	0.0114	0.55953
6.50577	0.01025	0.01028	0.22673
6.50236	0.01047	0.01051	0.37923
6.49895	0.01185	0.0119	0.43377
6.49555	0.01282	0.01287	0.42291
6.49215	0.01432	0.01453	1.43588
6.48875	0.016	0.01618	1.1566
6.48536	0.01718	0.0173	0.70168
6.48197	0.0185	0.01864	0.78518
6.47858	0.01961	0.01983	1.08327
6.4752	0.02109	0.02125	0.71856
6.47182	0.02181	0.02199	0.8169
6.46844	0.0235	0.02363	0.52726
6.46507	0.02442	0.02445	0.1185
6.4617	0.02552	0.02558	0.21471
6.45833	0.02633	0.02632	-0.01086
6.45497	0.02694	0.02693	-0.0574
6.45161	0.02717	0.02715	-0.07477
6.44826	0.02726	0.02729	0.10786
6.44491	0.02734	0.02738	0.1327
6.44156	0.02683	0.02691	0.28231
6.43821	0.02429	0.0243	0.04736
6.43487	0.02308	0.02313	0.23497
6.43154	0.02044	0.02043	-0.05079
6.4282	0.02117	0.02114	-0.1328
6.42487	0.02277	0.02276	-0.05264
6.42154	0.02518	0.02533	0.61226
6.41822	0.02701	0.02712	0.38681
6.4149	0.02916	0.02925	0.29917
6.41158	0.03057	0.03067	0.32826
6.40827	0.03285	0.03295	0.31393
6.40496	0.0336	0.0338	0.60858
6.40165	0.03555	0.03573	0.4985
6.39835	0.03666	0.037	0.93962
6.39505	0.03764	0.03794	0.79478
6.39175	0.0385	0.03886	0.9062
6.38846	0.03888	0.03935	1.2134
6.38517	0.03917	0.03965	1.21188
6.38188	0.03954	0.04006	1.28939
6.3786	0.04034	0.04087	1.28047
6.37532	0.0408	0.04134	1.30553
6.37205	0.04166	0.04234	1.59616
6.36877	0.04185	0.04259	1.74241
6.3655	0.04154	0.04248	2.19304
6.36224	0.0402	0.04127	2.59473
6.35897	0.03821	0.03938	2.96489
6.35572	0.03693	0.03819	3.28166
6.35246	0.03701	0.03842	3.66212
6.34921	0.03844	0.03982	3.45861
6.34596	0.0395	0.04099	3.62885
6.34271	0.04205	0.04345	3.22008
6.33947	0.04375	0.04491	2.59379
6.33623	0.04625	0.04717	1.94407
6.33299	0.04879	0.0494	1.22443
6.32976	0.05021	0.05073	1.03189
6.32653	0.05168	0.05204	0.69321
6.3233	0.05276	0.05303	0.51384
6.32008	0.05385	0.05408	0.4278
6.31686	0.05429	0.05452	0.41697
6.31365	0.05526	0.05539	0.232
6.31043	0.056	0.05611	0.20338
6.30722	0.05704	0.05721	0.29269
6.30402	0.0579	0.05802	0.22211
6.30081	0.05922	0.05927	0.08632
6.29761	0.06004	0.06007	0.0375
6.29442	0.06088	0.0608	-0.12628
6.29122	0.06191	0.06195	0.06776
6.28803	0.0624	0.0624	0.01188
6.28485	0.06313	0.06309	-0.07386
6.28166	0.06323	0.06322	-0.02296
6.27848	0.06307	0.06298	-0.14286
6.2753	0.06333	0.06325	-0.13639
6.27213	0.06411	0.06394	-0.26405
6.26896	0.06547	0.06544	-0.04859
6.26579	0.06658	0.06638	-0.30055
6.26263	0.06805	0.06797	-0.12661
6.25946	0.06901	0.06889	-0.18422
6.25631	0.07075	0.07061	-0.19586
6.25315	0.07147	0.07126	-0.29261
6.25	0.07308	0.07292	-0.21753
6.24685	0.07402	0.07388	-0.18912
6.24371	0.07484	0.07478	-0.07575
6.24056	0.07602	0.0759	-0.15817
6.23742	0.07681	0.07671	-0.12599
6.23429	0.07809	0.07793	-0.21621
6.23116	0.07892	0.07871	-0.26492
6.22803	0.08035	0.08021	-0.18218
6.2249	0.08102	0.08091	-0.1382
6.22178	0.0828	0.08258	-0.26797
6.21866	0.08399	0.08379	-0.23112
6.21554	0.08504	0.08482	-0.25061
6.21242	0.08641	0.08635	-0.07968
6.20931	0.08749	0.08729	-0.23171
6.20621	0.08887	0.08857	-0.3434
6.2031	0.08969	0.08951	-0.19419
6.2	0.09133	0.09112	-0.23031
6.1969	0.09185	0.09166	-0.20557
6.19381	0.09359	0.09329	-0.32435
6.19071	0.09498	0.09463	-0.37341
6.18762	0.09643	0.09619	-0.24913
6.18454	0.09853	0.09816	-0.37422
6.18146	0.10016	0.09978	-0.38529
6.17838	0.10251	0.10211	-0.38535
6.1753	0.1043	0.10377	-0.50888
6.17222	0.10716	0.10659	-0.53512
6.16915	0.10814	0.10761	-0.49083
6.16609	0.11127	0.11066	-0.55106
6.16302	0.11293	0.11231	-0.55635
6.15996	0.1144	0.11376	-0.56533
6.1569	0.11635	0.11573	-0.53735
6.15385	0.11777	0.11703	-0.62829
6.15079	0.11946	0.11865	-0.68187
6.14774	0.12077	0.11982	-0.79451
6.1447	0.12294	0.12189	-0.86397
6.14165	0.12371	0.12276	-0.77027
6.13861	0.12606	0.12498	-0.85738
6.13558	0.12741	0.12625	-0.91615
6.13254	0.12874	0.12762	-0.87762
6.12951	0.13038	0.12912	-0.96981
6.12648	0.13145	0.13035	-0.84651
6.12346	0.13283	0.13158	-0.94448
6.12043	0.13371	0.13249	-0.91875
6.11741	0.13496	0.13389	-0.79901
6.1144	0.13532	0.1344	-0.68637
6.11138	0.13635	0.1354	-0.70589
6.10837	0.13677	0.13582	-0.69842
6.10537	0.13702	0.13625	-0.56784
6.10236	0.13708	0.13643	-0.47412
6.09936	0.13678	0.13645	-0.24176
6.09636	0.13618	0.13598	-0.14354
6.09337	0.13575	0.13562	-0.09869
6.09037	0.13444	0.13453	0.06313
6.08738	0.13308	0.13347	0.29832
6.0844	0.13138	0.13191	0.40204
6.08141	0.12954	0.13027	0.55624
6.07843	0.12667	0.12779	0.87675
6.07545	0.12425	0.12557	1.04849
6.07248	0.12183	0.12338	1.25098
6.06951	0.11781	0.11974	1.61212
6.06654	0.11546	0.11741	1.65684
6.06357	0.11033	0.11258	1.99703
6.06061	0.10697	0.10952	2.32259
6.05765	0.1023	0.10505	2.61485
6.05469	0.09654	0.09942	2.90003
6.05173	0.09271	0.09581	3.22747
6.04878	0.08739	0.09068	3.6193
6.04583	0.08303	0.08647	3.97718
6.04288	0.07692	0.0804	4.31893
6.03994	0.07379	0.07741	4.67058
6.037	0.06642	0.07022	5.4101
6.03406	0.06244	0.06611	5.54984
6.03113	0.05649	0.06017	6.1157
6.0282	0.05176	0.05541	6.57827
6.02527	0.0464	0.04985	6.92288
6.02234	0.04178	0.04493	7.01493
6.01942	0.03849	0.04165	7.594
6.0165	0.03381	0.03686	8.2681
6.01358	0.03156	0.03429	7.97405
6.01066	0.02724	0.02977	8.50759
6.00775	0.02525	0.02748	8.12931
6.00484	0.02253	0.02431	7.34296
6.00194	0.02081	0.02237	6.99034
5.99903	0.01996	0.02123	5.96376
5.99613	0.01954	0.02034	3.9547
5.99323	0.01963	0.02015	2.61049
5.99034	0.02063	0.02065	0.08542
5.98745	0.02124	0.02108	-0.73375
5.98456	0.02398	0.02326	-3.08949
5.98167	0.02653	0.02545	-4.23846
5.97878	0.02942	0.02806	-4.8513
5.9759	0.03399	0.03224	-5.41327
5.97303	0.03719	0.03532	-5.30061
5.97015	0.04224	0.03996	-5.71865
5.96728	0.04574	0.04333	-5.55782
5.96441	0.0534	0.05073	-5.24881
5.96154	0.05917	0.05624	-5.20704
5.95867	0.06556	0.06247	-4.94232
5.95581	0.07158	0.06825	-4.87959
5.95295	0.07977	0.07646	-4.32786
5.9501	0.08587	0.08255	-4.02216
5.94724	0.09135	0.08801	-3.79614
5.94439	0.10122	0.09757	-3.7452
5.94154	0.10656	0.10291	-3.5479
5.9387	0.11683	0.11346	-2.97325
5.93585	0.12355	0.11982	-3.11489
5.93301	0.13176	0.12807	-2.8753
5.93018	0.14123	0.13731	-2.85682
5.92734	0.14725	0.14367	-2.48922
5.92451	0.15707	0.15359	-2.26585
5.92168	0.16352	0.15999	-2.20827
5.91885	0.17269	0.16935	-1.9706
5.91603	0.1783	0.17487	-1.95814
5.91321	0.18875	0.18529	-1.86218
5.91039	0.19688	0.19355	-1.71784
5.90758	0.2035	0.20037	-1.56117
5.90476	0.21163	0.20819	-1.652
5.90195	0.21994	0.21698	-1.36553
5.89914	0.2284	0.22547	-1.29844
5.89634	0.23461	0.23122	-1.46716
5.89354	0.24409	0.24091	-1.31931
5.89074	0.24865	0.24574	-1.18445
5.88794	0.25849	0.25526	-1.26895
5.88514	0.26529	0.26241	-1.09516
5.88235	0.27413	0.2712	-1.07923
5.87956	0.27989	0.27725	-0.95036
5.87678	0.28606	0.28327	-0.98611
5.87399	0.29435	0.29175	-0.89151
5.87121	0.29875	0.29609	-0.89785
5.86843	0.30735	0.305	-0.77171
5.86566	0.31223	0.30999	-0.72367
5.86288	0.31969	0.31734	-0.73972
5.86011	0.32671	0.32463	-0.6414
5.85735	0.33191	0.3298	-0.64109
5.85458	0.33868	0.33661	-0.6151
5.85182	0.34278	0.34085	-0.56648
5.84906	0.34924	0.34747	-0.50915
5.8463	0.35254	0.35082	-0.49076
5.84354	0.35989	0.35834	-0.43307
5.84079	0.36509	0.3636	-0.41013
5.83804	0.3695	0.3683	-0.32558
5.83529	0.37425	0.37269	-0.4178
5.83255	0.37952	0.37825	-0.33557
5.82981	0.38416	0.3832	-0.24998
5.82707	0.38722	0.38646	-0.19731
5.82433	0.39309	0.3922	-0.2281
5.8216	0.39689	0.39609	-0.20248
5.81886	0.40111	0.40035	-0.19096
5.81614	0.40478	0.40419	-0.14762
5.81341	0.40945	0.40902	-0.10697
5.81068	0.41229	0.41188	-0.10058
5.80796	0.41528	0.41489	-0.09284
5.80524	0.41964	0.4192	-0.104
5.80253	0.42155	0.42148	-0.01742
5.79981	0.42611	0.42602	-0.02086
5.7971	0.4287	0.42878	0.01976
5.79439	0.43224	0.43214	-0.02339
5.79169	0.43508	0.43519	0.02641
5.78898	0.43757	0.43759	0.00642
5.78628	0.44063	0.44076	0.03007
5.78358	0.4426	0.44268	0.01959
5.78089	0.44551	0.44591	0.08946
5.77819	0.44707	0.44737	0.06812
5.7755	0.45032	0.45077	0.09884
5.77281	0.45215	0.45283	0.15061
5.77013	0.45439	0.45512	0.16014
5.76744	0.4564	0.45709	0.15073
5.76476	0.4578	0.45845	0.14165
5.76208	0.45989	0.46099	0.23968
5.75941	0.46127	0.46176	0.10513
5.75673	0.46366	0.46442	0.16404
5.75406	0.46479	0.46566	0.18691
5.75139	0.46631	0.46728	0.20685
5.74873	0.46784	0.46863	0.16881
5.74606	0.46909	0.46998	0.18904
5.7434	0.47026	0.47129	0.21862
5.74074	0.47102	0.47209	0.22832
5.73808	0.47292	0.47363	0.15027
5.73543	0.47314	0.47456	0.29814
5.73278	0.47471	0.47582	0.23246
5.73013	0.47543	0.47668	0.26257
5.72748	0.47644	0.47776	0.27585
5.72484	0.47726	0.47821	0.19895
5.7222	0.47762	0.47859	0.20278
5.71956	0.4786	0.47952	0.19317
5.71692	0.47863	0.47995	0.27415
5.71429	0.47963	0.48066	0.2136
5.71165	0.47981	0.4809	0.22592
5.70902	0.48025	0.48111	0.17853
5.7064	0.48035	0.48168	0.27467
5.70377	0.48062	0.48192	0.2706
5.70115	0.48086	0.48201	0.23912
5.69853	0.4809	0.48238	0.30725
5.69591	0.48101	0.48242	0.29291
5.6933	0.48088	0.48232	0.30004
5.69068	0.48122	0.48213	0.18992
5.68807	0.48049	0.48203	0.31955
5.68547	0.48009	0.4817	0.33394
5.68286	0.48016	0.48158	0.29519
5.68026	0.47973	0.48101	0.26586
5.67766	0.4794	0.48066	0.26341
5.67506	0.47896	0.48052	0.32355
5.67246	0.47857	0.48009	0.31507
5.66987	0.47799	0.47954	0.32396
5.66728	0.4773	0.47883	0.31905
5.66469	0.47674	0.47812	0.2888
5.6621	0.47617	0.47749	0.27658
5.65952	0.47526	0.4767	0.30315
5.65693	0.47461	0.47605	0.30192
5.65435	0.47357	0.475	0.29983
5.65178	0.47259	0.47438	0.37691
5.6492	0.47174	0.47331	0.33339
5.64663	0.47075	0.47215	0.29695
5.64406	0.46964	0.47125	0.34299
5.64149	0.46847	0.46994	0.31317
5.63893	0.46727	0.46885	0.33804
5.63636	0.46624	0.46744	0.25717
5.6338	0.46506	0.46652	0.31412
5.63124	0.46357	0.46499	0.30459
5.62869	0.46204	0.46339	0.29181
5.62613	0.461	0.46212	0.24294
5.62358	0.45911	0.46041	0.28315
5.62103	0.45768	0.45911	0.31168
5.61849	0.45585	0.45696	0.24296
5.61594	0.45441	0.45584	0.31427
5.6134	0.45237	0.4535	0.24973
5.61086	0.45095	0.45219	0.27324
5.60832	0.44897	0.45014	0.26022
5.60579	0.44664	0.44811	0.32779
5.60325	0.44477	0.44622	0.32486
5.60072	0.44278	0.44381	0.23245
5.59819	0.44114	0.44245	0.29682
5.59567	0.43855	0.44005	0.34189
5.59314	0.43692	0.43772	0.18381
5.59062	0.43451	0.43575	0.28558
5.5881	0.43219	0.43339	0.2761
5.58559	0.42981	0.43104	0.28515
5.58307	0.42758	0.42846	0.20514
5.58056	0.42539	0.42664	0.29227
5.57805	0.42306	0.42395	0.21135
5.57554	0.42104	0.42214	0.26106
5.57303	0.4177	0.41882	0.26972
5.57053	0.41484	0.4161	0.30258
5.56803	0.41269	0.41383	0.27473
5.56553	0.40929	0.41039	0.26924
5.56303	0.40679	0.40807	0.31397
5.56054	0.40384	0.40481	0.23925
5.55805	0.40185	0.40274	0.22119
5.55556	0.39802	0.3989	0.22222
5.55307	0.39573	0.39644	0.18034
5.55058	0.39215	0.39315	0.25508
5.5481	0.3889	0.38996	0.27223
5.54562	0.38571	0.38662	0.236
5.54314	0.38236	0.38305	0.17909
5.54066	0.37976	0.38024	0.12387
5.53819	0.37567	0.37634	0.17772
5.53571	0.37263	0.37329	0.1749
5.53324	0.36888	0.36957	0.18744
5.53078	0.36518	0.3656	0.11638
5.52831	0.36146	0.36208	0.17107
5.52585	0.35741	0.35821	0.22363
5.52339	0.35438	0.35503	0.18338
5.52093	0.34983	0.35045	0.17589
5.51847	0.34782	0.34881	0.28519
5.51601	0.34235	0.34321	0.2517
5.51356	0.33842	0.33942	0.29562
5.51111	0.33368	0.33474	0.31707
5.50866	0.33016	0.33106	0.27386
5.50622	0.32634	0.32729	0.29116
5.50377	0.32167	0.32252	0.26213
5.50133	0.31899	0.31987	0.27394
5.49889	0.31311	0.31404	0.29587
5.49645	0.30879	0.30981	0.32852
5.49402	0.30464	0.30544	0.26303
5.49159	0.29964	0.30048	0.28013
5.48915	0.29589	0.29665	0.2569
5.48673	0.29072	0.29155	0.28328
5.4843	0.28774	0.28864	0.31245
5.48187	0.28167	0.28245	0.27565
5.47945	0.27882	0.27968	0.31035
5.47703	0.27245	0.27336	0.33182
5.47461	0.26716	0.26804	0.3289
5.4722	0.26276	0.26353	0.29254
5.46978	0.2579	0.25887	0.37697
5.46737	0.25405	0.25453	0.18816
5.46496	0.24838	0.24898	0.24339
5.46256	0.24498	0.24603	0.42512
5.46015	0.2387	0.23947	0.32473
5.45775	0.23263	0.23318	0.23562
5.45535	0.22809	0.22846	0.16184
5.45295	0.2235	0.22401	0.22916
5.45055	0.21922	0.21979	0.26118
5.44815	0.2134	0.21409	0.3225
5.44576	0.21019	0.21115	0.45677
5.44337	0.20371	0.20446	0.37071
5.44098	0.19756	0.19802	0.23467
5.4386	0.19282	0.19326	0.22603
5.43621	0.18836	0.18902	0.3498
5.43383	0.18423	0.18451	0.15589
5.43145	0.17831	0.17893	0.34806
5.42907	0.17654	0.17714	0.33631
5.4267	0.16889	0.16942	0.31206
5.42432	0.16431	0.16477	0.28368
5.42195	0.15904	0.15951	0.2924
5.41958	0.15424	0.15473	0.31613
5.41721	0.1499	0.15024	0.22498
5.41485	0.14499	0.14551	0.35966
5.41248	0.14242	0.14278	0.25645
5.41012	0.13565	0.13611	0.34343
5.40776	0.13161	0.13197	0.27088
5.40541	0.12666	0.12697	0.24381
5.40305	0.12247	0.12263	0.13074
5.4007	0.11828	0.11849	0.17211
5.39835	0.11399	0.11421	0.19375
5.396	0.11169	0.11203	0.30636
5.39365	0.10603	0.10622	0.17615
5.3913	0.10225	0.10234	0.09425
