1100	11.459
1098	11.598
1096	11.462
1094	11.664
1092	11.471
1090	11.615
1088	11.558
1086	11.63
1084	11.755
1082	11.805
1080	11.782
1078	11.764
1076	11.843
1074	11.977
1072	11.982
1070	12.033
1068	12.147
1066	12.143
1064	12.177
1062	12.254
1060	12.319
1058	12.293
1056	12.406
1054	12.484
1052	12.558
1050	12.558
1048	12.643
1046	12.651
1044	12.753
1042	12.818
1040	12.875
1038	12.937
1036	13.019
1034	13.054
1032	13.103
1030	13.164
1028	13.181
1026	13.265
1024	13.347
1022	13.392
1020	13.462
1018	13.549
1016	13.622
1014	13.675
1012	13.735
1010	13.795
1008	13.883
1006	13.921
1004	13.986
1002	14.019
1000	14.106
998	14.169
996	14.246
994	14.287
992	14.35
990	14.431
988	14.466
986	14.532
984	14.614
982	14.671
980	14.737
978	14.86
976	14.882
974	14.976
972	15.06
970	15.125
968	15.139
966	15.187
964	15.253
962	15.285
960	15.325
958	15.382
956	15.42
954	15.455
952	15.502
950	15.543
948	15.573
946	15.602
944	15.62
942	15.603
940	15.645
938	15.647
936	15.642
934	15.645
932	15.653
930	15.66
928	15.68
926	15.738
924	15.798
922	15.932
920	16.09
918	16.299
916	16.551
914	16.804
912	17.067
910	17.222
908	17.382
906	17.441
904	17.502
902	17.537
900	17.576
898	17.594
896	17.646
894	17.665
892	17.707
890	17.775
888	17.811
886	17.842
884	17.759
882	17.637
880	17.727
878	17.912
876	18.021
874	18.09
872	18.129
870	18.206
868	18.268
866	18.323
864	18.394
862	18.435
860	18.509
858	18.555
856	18.601
854	18.657
852	18.685
850	18.728
848	18.767
846	18.8
844	18.827
842	18.837
840	18.87
838	18.871
836	18.911
834	18.888
832	18.914
830	18.934
828	18.95
826	18.927
824	18.908
822	18.916
820	18.898
818	18.872
816	18.867
814	18.815
812	18.809
810	18.778
808	18.749
806	18.704
804	18.65
802	18.594
800	18.512
798	18.46
796	18.492
794	18.34
792	18.228
790	18.194
788	18.129
786	18.079
784	18.015
782	17.911
780	17.858
778	17.892
776	17.834
774	17.77
772	17.695
770	17.644
768	17.591
766	17.524
764	17.52
762	17.465
760	17.39
758	17.298
756	17.217
754	17.138
752	17.067
750	16.971
748	16.883
746	16.792
744	16.709
742	16.619
740	16.527
738	16.424
736	16.32
734	16.227
732	16.134
730	16.022
728	15.913
726	15.811
724	15.701
722	15.592
720	15.498
718	15.373
716	15.25
714	15.136
712	15.019
710	14.893
708	14.764
706	14.645
704	14.502
702	14.377
700	14.258
698	14.12
696	13.972
694	13.829
692	13.689
690	13.543
688	13.398
686	13.253
684	13.106
682	12.883
680	12.722
678	12.559
676	12.405
674	12.252
672	12.092
670	11.921
668	11.769
666	11.596
664	11.396
662	11.268
660	11.078
658	10.905
656	10.716
654	10.544
652	10.385
650	10.219
648	10.026
646	9.841
644	9.664
642	9.476
640	9.297
638	9.102
636	8.935
634	8.745
632	8.563
630	8.381
628	8.206
626	8.018
624	7.852
622	7.677
620	7.502
618	7.322
616	7.152
614	6.986
612	6.816
610	6.657
608	6.488
606	6.337
604	6.187
602	6.034
600	5.889
598	5.748
596	5.631
594	5.524
592	5.419
590	5.331
588	5.25
586	5.179
584	5.121
582	5.061
580	5.012
578	4.985
576	4.957
574	4.935
572	4.922
570	4.942
568	4.954
566	4.988
564	5.03
562	5.09
560	5.144
558	5.263
556	5.355
554	5.446
552	5.561
550	5.704
548	5.827
546	5.981
544	6.169
542	6.357
540	6.56
538	6.744
536	6.962
534	7.18
532	7.415
530	7.652
528	7.908
526	8.16
524	8.437
522	8.697
520	8.981
518	9.278
516	9.581
514	9.874
512	10.169
510	10.491
508	10.804
506	11.12
504	11.42
502	11.744
500	12.044
498	12.365
496	12.72
494	13.029
492	13.375
490	13.701
488	14.029
486	14.339
484	14.684
482	15.004
480	15.328
478	15.668
476	15.996
474	16.299
472	16.604
470	16.936
468	17.229
466	17.561
464	17.879
462	18.154
460	18.464
458	18.736
456	18.982
454	19.243
452	19.468
450	19.732
448	19.922
446	20.108
444	20.265
442	20.419
440	20.529
438	20.653
436	20.735
434	20.82
432	20.952
430	20.989
428	21.06
426	21.106
424	21.153
422	21.164
420	21.508
418	21.482
416	21.466
414	21.464
412	21.425
410	21.335
408	21.304
406	21.172
404	21.059
402	20.928
400	20.812
398	20.613
396	20.428
394	20.232
392	20.007
390	19.788
388	19.545
386	19.287
384	19.107
382	18.501
380	18.136
378	17.594
376	17.253
374	16.88
372	16.407
370	15.95
368	15.702
366	15.261
364	15.064
362	14.853
360	14.692
358	14.821
356	14.826
354	15.132
352	15.61
350	16.29
348	16.916
346	17.759
344	18.52
342	19.443
340	20.545
338	21.265
336	22.426
334	23.325
332	24.458
330	25.234
328	25.599
326	29.058
324	29.932
322	30.634
320	31.321
318	32.016
316	32.597
314	33.15
312	33.555
310	34.049
308	34.419
306	34.67
304	34.939
302	35.154
300	35.343
298	35.492
296	35.586
294	35.649
292	35.602
290	35.411
288	34.902
286	34.018
284	32.766
282	31.442
280	30.156
278	29.279
276	29.09
274	29.626
272	30.746
270	32.293
268	33.914
266	35.346
264	36.609
262	37.505
260	38.326
258	38.773
256	38.977
254	39.012
252	38.79
250	38.319
248	37.473
246	36.29
244	34.714
242	32.705
240	30.223
238	27.378
236	24.464
234	22.054
232	21.019
230	22.033
228	24.713
226	27.949
224	30.812
222	32.798
220	33.786
218	33.685
216	32.289
214	29.008
212	23.131
210	16.46
208	14.655
206	17.449
204	17.716
202	12.252
200	9.392
