187	0.81276
187.25	0.76097
187.5	0.83959
187.75	1.02876
188	0.71006
188.25	0.73267
188.5	0.69011
188.75	0.65968
189	0.61994
189.25	0.59867
189.5	0.58255
189.75	0.57244
190	0.57978
190.25	0.57679
190.5	0.56596
190.75	0.54201
191	0.51591
191.25	0.49666
191.5	0.48027
191.75	0.47442
192	0.47489
192.25	0.47827
192.5	0.46674
192.75	0.4486
193	0.4366
193.25	0.42871
193.5	0.41136
193.75	0.40425
194	0.40533
194.25	0.40516
194.5	0.41558
194.75	0.41602
195	0.40019
195.25	0.38649
195.5	0.3781
195.75	0.37604
196	0.37225
196.25	0.36979
196.5	0.37183
196.75	0.36456
197	0.36228
197.25	0.36419
197.5	0.35902
197.75	0.35856
198	0.35663
198.25	0.35226
198.5	0.34474
198.75	0.34574
199	0.34234
199.25	0.33798
199.5	0.336
199.75	0.3307
200	0.3267
200.25	0.32277
200.5	0.32247
200.75	0.32335
201	0.31448
201.25	0.31473
201.5	0.31385
201.75	0.30483
202	0.299
202.25	0.29119
202.5	0.28563
202.75	0.27871
203	0.27211
203.25	0.26003
203.5	0.24926
203.75	0.24771
204	0.23879
204.25	0.23605
204.5	0.23664
204.75	0.24149
205	0.26073
205.25	0.2738
205.5	0.28935
205.75	0.30648
206	0.32474
206.25	0.34616
206.5	0.36585
206.75	0.38214
207	0.39721
207.25	0.4127
207.5	0.42725
207.75	0.43656
208	0.4493
208.25	0.45649
208.5	0.46345
208.75	0.47346
209	0.4816
209.25	0.48878
209.5	0.49528
209.75	0.50142
210	0.50637
210.25	0.50935
210.5	0.51246
210.75	0.51398
211	0.51332
211.25	0.51265
211.5	0.51059
211.75	0.50965
212	0.50836
212.25	0.50153
212.5	0.49531
212.75	0.49101
213	0.48344
213.25	0.47421
213.5	0.46544
213.75	0.45529
214	0.44299
214.25	0.43252
214.5	0.42047
214.75	0.40614
215	0.39302
215.25	0.37786
215.5	0.36206
215.75	0.34697
216	0.33166
216.25	0.31438
216.5	0.29606
216.75	0.27953
217	0.26469
217.25	0.24995
217.5	0.23534
217.75	0.22117
218	0.20735
218.25	0.19554
218.5	0.18549
218.75	0.17858
219	0.17184
219.25	0.16904
219.5	0.16665
219.75	0.16466
220	0.16848
220.25	0.1728
220.5	0.1783
220.75	0.18665
221	0.19556
221.25	0.20445
221.5	0.21585
221.75	0.22732
222	0.23887
222.25	0.25352
222.5	0.26665
222.75	0.2807
223	0.29454
223.25	0.30819
223.5	0.32194
223.75	0.3336
224	0.3469
224.25	0.3613
224.5	0.37412
224.75	0.38437
225	0.39593
225.25	0.40767
225.5	0.4186
225.75	0.42863
226	0.43768
226.25	0.44627
226.5	0.45355
226.75	0.46152
227	0.47008
227.25	0.47757
227.5	0.48406
227.75	0.4907
228	0.49646
228.25	0.50154
228.5	0.50739
228.75	0.51176
229	0.51642
229.25	0.52285
229.5	0.52823
229.75	0.53312
230	0.53678
230.25	0.53941
230.5	0.54227
230.75	0.5449
231	0.54755
231.25	0.54992
231.5	0.55151
231.75	0.55265
232	0.5526
232.25	0.55322
232.5	0.55424
232.75	0.55453
233	0.55442
233.25	0.55419
233.5	0.55458
233.75	0.55434
234	0.55393
234.25	0.55317
234.5	0.55211
234.75	0.55148
235	0.55004
235.25	0.54812
235.5	0.54602
235.75	0.54346
236	0.54112
236.25	0.53894
236.5	0.53687
236.75	0.53453
237	0.53197
237.25	0.5296
237.5	0.52652
237.75	0.52298
238	0.51977
238.25	0.51605
238.5	0.51211
238.75	0.50831
239	0.50476
239.25	0.50206
239.5	0.49841
239.75	0.49391
240	0.48966
240.25	0.48441
240.5	0.47894
240.75	0.47422
241	0.46974
241.25	0.46582
241.5	0.46124
241.75	0.45553
242	0.44969
242.25	0.44413
242.5	0.43862
242.75	0.43287
243	0.42719
243.25	0.42145
243.5	0.41577
243.75	0.40971
244	0.40342
244.25	0.39704
244.5	0.39059
244.75	0.38441
245	0.37753
245.25	0.36979
245.5	0.3624
245.75	0.3553
246	0.34782
246.25	0.33992
246.5	0.33199
246.75	0.32439
247	0.31697
247.25	0.30922
247.5	0.30058
247.75	0.29293
248	0.28521
248.25	0.27702
248.5	0.26945
248.75	0.26121
249	0.25308
249.25	0.2453
249.5	0.2376
249.75	0.22995
250	0.22224
250.25	0.21489
250.5	0.20822
250.75	0.20112
251	0.19418
251.25	0.18789
251.5	0.18146
251.75	0.17548
252	0.17014
252.25	0.16514
252.5	0.15993
252.75	0.15472
253	0.15057
253.25	0.14646
253.5	0.14264
253.75	0.1394
254	0.13596
254.25	0.13346
254.5	0.13125
254.75	0.12984
255	0.12904
255.25	0.12846
255.5	0.12856
255.75	0.12848
256	0.12903
256.25	0.13034
256.5	0.13178
256.75	0.13354
257	0.1358
257.25	0.13792
257.5	0.14029
257.75	0.14311
258	0.14606
258.25	0.14967
258.5	0.15392
258.75	0.15772
259	0.16196
259.25	0.16607
259.5	0.17026
259.75	0.17523
260	0.18002
260.25	0.18461
260.5	0.189
260.75	0.19354
261	0.19887
261.25	0.20354
261.5	0.20793
261.75	0.21315
262	0.21781
262.25	0.22211
262.5	0.22707
262.75	0.23218
263	0.23667
263.25	0.24088
263.5	0.24521
263.75	0.25
264	0.25426
264.25	0.25829
264.5	0.26254
264.75	0.26613
265	0.26989
265.25	0.27408
265.5	0.27748
265.75	0.28079
266	0.28455
266.25	0.28809
266.5	0.29133
266.75	0.29442
267	0.29703
267.25	0.30008
267.5	0.30306
267.75	0.30558
268	0.30829
268.25	0.31105
268.5	0.31308
268.75	0.31495
269	0.31749
269.25	0.31963
269.5	0.3213
269.75	0.3232
270	0.32494
270.25	0.32681
270.5	0.32879
270.75	0.33012
271	0.33167
271.25	0.33325
271.5	0.33438
271.75	0.3358
272	0.33733
272.25	0.33881
272.5	0.34005
272.75	0.34093
273	0.34151
273.25	0.34238
273.5	0.34272
273.75	0.34342
274	0.3445
274.25	0.34485
274.5	0.34471
274.75	0.34477
275	0.34517
275.25	0.34568
275.5	0.34632
275.75	0.34693
276	0.34704
276.25	0.34662
276.5	0.34623
276.75	0.34667
277	0.34711
277.25	0.34694
277.5	0.34621
277.75	0.34559
278	0.34523
278.25	0.34525
278.5	0.34526
278.75	0.34479
279	0.34418
279.25	0.34365
279.5	0.34313
279.75	0.3426
280	0.34203
280.25	0.3412
280.5	0.34081
280.75	0.34046
281	0.33942
281.25	0.33884
281.5	0.33863
281.75	0.33773
282	0.33667
282.25	0.33601
282.5	0.33549
282.75	0.33436
283	0.33305
283.25	0.33231
283.5	0.33166
283.75	0.33063
284	0.32951
284.25	0.32856
284.5	0.32793
284.75	0.32712
285	0.32615
285.25	0.325
285.5	0.32336
285.75	0.32181
286	0.32057
286.25	0.31951
286.5	0.31859
286.75	0.31722
287	0.31619
287.25	0.31518
287.5	0.31333
287.75	0.31173
288	0.31094
288.25	0.30934
288.5	0.30697
288.75	0.30533
289	0.30406
289.25	0.30247
289.5	0.30099
289.75	0.29977
290	0.29812
290.25	0.29631
290.5	0.29463
290.75	0.29235
291	0.29001
291.25	0.28829
291.5	0.2868
291.75	0.28487
292	0.28271
292.25	0.28092
292.5	0.27877
292.75	0.2764
293	0.2741
293.25	0.27215
293.5	0.27049
293.75	0.26841
294	0.26614
294.25	0.26416
294.5	0.26176
294.75	0.25927
295	0.25748
295.25	0.25559
295.5	0.25337
295.75	0.25135
296	0.24929
296.25	0.24691
296.5	0.24471
296.75	0.24233
297	0.24032
297.25	0.23829
297.5	0.2363
297.75	0.23416
298	0.23219
298.25	0.23047
298.5	0.22817
298.75	0.22608
299	0.22386
299.25	0.22179
299.5	0.21996
299.75	0.21761
300	0.21547
300.25	0.21358
300.5	0.21164
300.75	0.20945
301	0.2076
301.25	0.20543
301.5	0.20276
301.75	0.20069
302	0.19849
302.25	0.19637
302.5	0.19441
302.75	0.19233
303	0.19035
303.25	0.18846
303.5	0.18656
303.75	0.18399
304	0.18153
304.25	0.1794
304.5	0.17712
304.75	0.1752
305	0.17325
305.25	0.17115
305.5	0.1691
305.75	0.16693
306	0.16469
306.25	0.16231
306.5	0.16037
306.75	0.15836
307	0.15603
307.25	0.15426
307.5	0.15252
307.75	0.14996
308	0.14724
308.25	0.14504
308.5	0.14298
308.75	0.14119
309	0.13888
309.25	0.13649
309.5	0.13434
309.75	0.1322
310	0.13017
310.25	0.12797
310.5	0.12558
310.75	0.12369
311	0.12129
311.25	0.11911
311.5	0.11753
311.75	0.11519
312	0.11267
312.25	0.11116
312.5	0.10931
312.75	0.10688
313	0.10477
313.25	0.10289
313.5	0.10109
313.75	0.09896
314	0.09689
314.25	0.09512
314.5	0.09305
314.75	0.0912
315	0.08946
315.25	0.08731
315.5	0.08564
315.75	0.08447
316	0.0822
316.25	0.08003
316.5	0.07882
316.75	0.07737
317	0.07516
317.25	0.07381
317.5	0.07253
317.75	0.07053
318	0.06918
318.25	0.06809
318.5	0.06633
318.75	0.06488
319	0.06359
319.25	0.06212
319.5	0.06105
319.75	0.06022
320	0.05933
320.25	0.058
320.5	0.05628
320.75	0.05521
321	0.0543
321.25	0.05288
321.5	0.05204
321.75	0.05136
322	0.05084
322.25	0.04993
322.5	0.04912
322.75	0.04823
323	0.04711
323.25	0.04633
323.5	0.04612
323.75	0.04577
324	0.04505
324.25	0.04449
324.5	0.04421
324.75	0.04398
325	0.0428
325.25	0.04255
325.5	0.04316
325.75	0.04246
326	0.0421
326.25	0.04272
326.5	0.04241
326.75	0.04177
327	0.04181
327.25	0.04242
327.5	0.04272
327.75	0.04249
328	0.04282
328.25	0.04353
328.5	0.0437
328.75	0.04366
329	0.04391
329.25	0.04461
329.5	0.04516
329.75	0.04484
330	0.04586
330.25	0.04645
330.5	0.046
330.75	0.04724
331	0.04882
331.25	0.04906
331.5	0.04973
331.75	0.05049
332	0.0511
332.25	0.05239
332.5	0.05324
332.75	0.05409
333	0.05484
333.25	0.05593
333.5	0.05673
333.75	0.05759
334	0.05823
334.25	0.05909
334.5	0.06005
334.75	0.06158
335	0.06266
335.25	0.06334
335.5	0.06407
335.75	0.06505
336	0.06601
336.25	0.06713
336.5	0.06851
336.75	0.07007
337	0.07094
337.25	0.07136
337.5	0.07284
337.75	0.07414
338	0.07488
338.25	0.0765
338.5	0.07774
338.75	0.07768
339	0.07931
339.25	0.08102
339.5	0.08189
339.75	0.08315
340	0.08431
340.25	0.08452
340.5	0.08611
340.75	0.08747
341	0.08766
341.25	0.08854
341.5	0.09013
341.75	0.09191
342	0.0927
342.25	0.09272
342.5	0.09471
342.75	0.09696
343	0.0964
343.25	0.09667
343.5	0.09874
343.75	0.09952
344	0.1003
344.25	0.10193
344.5	0.10253
344.75	0.10321
345	0.105
345.25	0.10593
345.5	0.10646
345.75	0.10771
346	0.1088
346.25	0.10984
346.5	0.11085
346.75	0.11153
347	0.11257
347.25	0.11356
347.5	0.11466
347.75	0.1162
348	0.11711
348.25	0.11792
348.5	0.11907
348.75	0.12034
349	0.12175
349.25	0.12196
349.5	0.12214
349.75	0.12358
350	0.12543
350.25	0.12637
350.5	0.12708
350.75	0.12822
351	0.12926
351.25	0.13005
351.5	0.13163
351.75	0.13234
352	0.13259
352.25	0.13399
352.5	0.13525
352.75	0.13596
353	0.13649
353.25	0.13752
353.5	0.13894
353.75	0.14011
354	0.14137
354.25	0.14197
354.5	0.14206
354.75	0.14405
355	0.14561
355.25	0.14553
355.5	0.14648
355.75	0.1479
356	0.14867
356.25	0.15002
356.5	0.15047
356.75	0.15155
357	0.15349
357.25	0.15352
357.5	0.15336
357.75	0.15476
358	0.1565
358.25	0.15702
358.5	0.15842
358.75	0.16011
359	0.16037
359.25	0.16158
359.5	0.16294
359.75	0.16299
360	0.1634
360.25	0.16468
360.5	0.16516
360.75	0.16512
361	0.16559
361.25	0.16659
361.5	0.16756
361.75	0.16855
362	0.16949
362.25	0.16916
362.5	0.16932
362.75	0.17069
363	0.17117
363.25	0.17063
363.5	0.1715
363.75	0.17282
364	0.17321
364.25	0.17376
364.5	0.17487
364.75	0.17523
365	0.17529
365.25	0.17563
365.5	0.17557
365.75	0.17617
366	0.17686
366.25	0.17702
366.5	0.17707
366.75	0.17763
367	0.17783
367.25	0.17736
367.5	0.17759
367.75	0.17794
368	0.17846
368.25	0.17933
368.5	0.17992
368.75	0.17971
369	0.1793
369.25	0.17935
369.5	0.17973
369.75	0.17996
370	0.18044
370.25	0.18034
370.5	0.18039
370.75	0.18054
371	0.18105
371.25	0.18159
371.5	0.1814
371.75	0.1814
372	0.18205
372.25	0.18186
372.5	0.1814
372.75	0.18141
373	0.18147
373.25	0.18197
373.5	0.18197
373.75	0.18173
374	0.18164
374.25	0.18164
374.5	0.18125
374.75	0.18104
375	0.18131
375.25	0.18142
375.5	0.18072
375.75	0.1802
376	0.18038
376.25	0.18088
376.5	0.18126
376.75	0.1813
377	0.18047
377.25	0.18038
377.5	0.18053
377.75	0.18012
378	0.1801
378.25	0.18024
378.5	0.18016
378.75	0.17973
379	0.17926
379.25	0.17872
379.5	0.17804
379.75	0.17741
380	0.17753
380.25	0.17789
380.5	0.17833
380.75	0.17819
381	0.17849
381.25	0.17829
381.5	0.17858
381.75	0.17839
382	0.17776
382.25	0.17735
382.5	0.17726
382.75	0.17697
383	0.17641
383.25	0.17627
383.5	0.17661
383.75	0.17714
384	0.17645
384.25	0.1756
384.5	0.17497
384.75	0.17497
385	0.1747
385.25	0.17507
385.5	0.17489
385.75	0.17455
386	0.175
386.25	0.17527
386.5	0.17515
386.75	0.17436
387	0.17373
387.25	0.17309
387.5	0.17236
387.75	0.17193
388	0.17177
388.25	0.17156
388.5	0.17096
388.75	0.1706
389	0.17025
389.25	0.17024
389.5	0.17027
389.75	0.17012
390	0.17078
390.25	0.17127
390.5	0.16979
390.75	0.16859
391	0.16888
391.25	0.16866
391.5	0.16738
391.75	0.16681
392	0.16684
392.25	0.16615
392.5	0.16509
392.75	0.164
393	0.16353
393.25	0.16335
393.5	0.1637
393.75	0.16368
394	0.16335
394.25	0.1635
394.5	0.16364
394.75	0.16322
395	0.16254
395.25	0.16256
395.5	0.16277
395.75	0.16239
396	0.16193
396.25	0.16172
396.5	0.16128
396.75	0.16067
397	0.16046
397.25	0.16002
397.5	0.15927
397.75	0.1585
398	0.15748
398.25	0.15798
398.5	0.15734
398.75	0.15545
399	0.15533
399.25	0.15652
399.5	0.15662
399.75	0.15674
400	0.15648
400.25	0.16844
400.5	0.21209
400.75	0.04886
