Energía	OFF	ON	Delta R/R
6.52632	0.01807	0.01968	5.33584
6.52288	0.01851	0.0202	5.53095
6.51945	0.01855	0.02029	5.7068
6.51603	0.01751	0.01913	5.60209
6.51261	0.01545	0.01685	5.4375
6.50919	0.01349	0.01474	5.60131
6.50577	0.0122	0.01331	5.43512
6.50236	0.01243	0.0136	5.74959
6.49895	0.01407	0.01552	6.48358
6.49555	0.01506	0.01668	6.82566
6.49215	0.01703	0.01881	6.60258
6.48875	0.01908	0.02106	6.55655
6.48536	0.02048	0.02266	6.77566
6.48197	0.02186	0.02435	7.36283
6.47858	0.02337	0.02598	7.17287
6.4752	0.02518	0.02771	6.27318
6.47182	0.02616	0.02872	6.05781
6.46844	0.02834	0.03096	5.61514
6.46507	0.0295	0.0321	5.25852
6.4617	0.03111	0.03364	4.63909
6.45833	0.03211	0.03463	4.41532
6.45497	0.03298	0.03542	4.03364
6.45161	0.03328	0.03568	3.86789
6.44826	0.03347	0.03579	3.61738
6.44491	0.03337	0.03571	3.70568
6.44156	0.03259	0.03479	3.46464
6.43821	0.02935	0.03109	2.72393
6.43487	0.02791	0.0296	2.8754
6.43154	0.02496	0.02654	3.10658
6.4282	0.02603	0.02777	3.38956
6.42487	0.02815	0.03008	3.58312
6.42154	0.03127	0.03335	3.36911
6.41822	0.03364	0.03575	3.0345
6.4149	0.03614	0.03839	3.00019
6.41158	0.03799	0.04033	2.9354
6.40827	0.04063	0.04313	2.92963
6.40496	0.04151	0.04412	3.05785
6.40165	0.04379	0.04655	3.06492
6.39835	0.04512	0.048	3.13759
6.39505	0.04611	0.04919	3.40551
6.39175	0.04703	0.05014	3.33518
6.38846	0.04751	0.05066	3.35716
6.38517	0.04719	0.05104	4.68952
6.38188	0.04777	0.05156	4.48894
6.3786	0.04871	0.05252	4.40884
6.37532	0.04935	0.05307	4.14951
6.37205	0.05034	0.05407	4.03743
6.36877	0.05022	0.05409	4.30695
6.3655	0.04941	0.05322	4.29523
6.36224	0.04709	0.05101	4.81262
6.35897	0.04475	0.04847	4.7989
6.35572	0.04307	0.04704	5.5858
6.35246	0.04334	0.04751	5.92704
6.34921	0.04497	0.04934	5.98545
6.34596	0.04691	0.05092	5.02053
6.34271	0.05054	0.05472	4.78485
6.33947	0.05297	0.05695	4.11316
6.33623	0.05706	0.06068	3.0983
6.33299	0.06099	0.06427	2.24735
6.32976	0.06311	0.06629	1.94555
6.32653	0.065	0.06824	1.87749
6.3233	0.0665	0.06955	1.52316
6.32008	0.06805	0.07104	1.35011
6.31686	0.06862	0.07161	1.31056
6.31365	0.06991	0.07302	1.39896
6.31043	0.0709	0.07386	1.15587
6.30722	0.07238	0.07542	1.16809
6.30402	0.07357	0.07653	1.00976
6.30081	0.07511	0.07818	1.06764
6.29761	0.07618	0.07917	0.92844
6.29442	0.07708	0.08003	0.83064
6.29122	0.07835	0.0814	0.88889
6.28803	0.0789	0.0819	0.81142
6.28485	0.07946	0.08253	0.86144
6.28166	0.07954	0.08243	0.64895
6.27848	0.07931	0.08238	0.87561
6.2753	0.07965	0.0826	0.70858
6.27213	0.08063	0.08362	0.7152
6.26896	0.08234	0.0855	0.83842
6.26579	0.08366	0.08683	0.79074
6.26263	0.08541	0.08851	0.63909
6.25946	0.08649	0.08974	0.76091
6.25631	0.08841	0.09164	0.65932
6.25315	0.08915	0.09258	0.83631
6.25	0.09093	0.09433	0.74119
6.24685	0.09194	0.09529	0.65584
6.24371	0.09289	0.09631	0.69191
6.24056	0.09423	0.09766	0.65708
6.23742	0.09499	0.09845	0.65657
6.23429	0.09632	0.09996	0.78217
6.23116	0.09738	0.1009	0.63008
6.22803	0.09892	0.10248	0.6148
6.2249	0.09965	0.10319	0.56402
6.22178	0.10147	0.10519	0.67938
6.21866	0.10288	0.10642	0.46907
6.21554	0.10388	0.10756	0.5638
6.21242	0.10545	0.10923	0.59919
6.20931	0.10651	0.11032	0.58785
6.20621	0.10792	0.11168	0.50812
6.2031	0.10883	0.11266	0.53711
6.2	0.11036	0.11425	0.54378
6.1969	0.11099	0.11488	0.52261
6.19381	0.11271	0.11673	0.58268
6.19071	0.11416	0.11801	0.39689
6.18762	0.11599	0.11991	0.41312
6.18454	0.11827	0.12226	0.40848
6.18146	0.12001	0.12404	0.38463
6.17838	0.12262	0.12662	0.29578
6.1753	0.12446	0.12837	0.18407
6.17222	0.12734	0.13151	0.31151
6.16915	0.12845	0.13257	0.25198
6.16609	0.13161	0.13572	0.16811
6.16302	0.13323	0.13728	0.09141
6.15996	0.13472	0.13878	0.07209
6.1569	0.13672	0.14081	0.04464
6.15385	0.13807	0.14235	0.14986
6.15079	0.13984	0.14397	0.00681
6.14774	0.14104	0.14528	0.06096
6.1447	0.1433	0.14738	-0.09554
6.14165	0.1441	0.14833	-0.00855
6.13861	0.14657	0.15061	-0.18227
6.13558	0.14805	0.15211	-0.18743
6.13254	0.1497	0.15382	-0.18251
6.12951	0.15173	0.15573	-0.28869
6.12648	0.15298	0.15693	-0.33862
6.12346	0.15488	0.15893	-0.31234
6.12043	0.15614	0.1601	-0.38527
6.11741	0.15804	0.16212	-0.34066
6.1144	0.15883	0.16286	-0.38306
6.11138	0.16073	0.16488	-0.34245
6.10837	0.16172	0.16594	-0.31702
6.10537	0.16297	0.16712	-0.3748
6.10236	0.16369	0.16805	-0.26814
6.09936	0.16403	0.16867	-0.10905
6.09636	0.16457	0.16917	-0.13917
6.09337	0.16451	0.1692	-0.08334
6.09037	0.16395	0.16888	0.05935
6.08738	0.16313	0.16846	0.30029
6.0844	0.16191	0.1674	0.4183
6.08141	0.16038	0.16615	0.61231
6.07843	0.158	0.16389	0.73591
6.07545	0.1555	0.16164	0.94299
6.07248	0.15313	0.15952	1.14269
6.06951	0.1489	0.15547	1.36547
6.06654	0.1463	0.15302	1.53144
6.06357	0.14046	0.14768	2.0282
6.06061	0.13679	0.14408	2.2003
6.05765	0.13124	0.13868	2.50074
6.05469	0.12463	0.13213	2.81284
6.05173	0.12005	0.12764	3.08505
6.04878	0.11388	0.12147	3.38888
6.04583	0.10875	0.11634	3.66215
6.04288	0.10169	0.10911	3.94252
6.03994	0.09817	0.1056	4.17628
6.037	0.09017	0.09713	4.30994
6.03406	0.08569	0.09268	4.67869
6.03113	0.0795	0.08607	4.78324
6.0282	0.07481	0.08105	4.83708
6.02527	0.06968	0.07548	4.82215
6.02234	0.06561	0.07096	4.68465
6.01942	0.06311	0.06819	4.5954
6.0165	0.0601	0.06445	3.88199
6.01358	0.05874	0.06282	3.63722
6.01066	0.05695	0.06037	2.8119
6.00775	0.05672	0.05972	2.16481
6.00484	0.0572	0.05955	1.08188
6.00194	0.05868	0.06056	0.25355
5.99903	0.06049	0.06204	-0.34939
5.99613	0.06394	0.06502	-1.19702
5.99323	0.06657	0.06739	-1.63725
5.99034	0.07233	0.07279	-2.23066
5.98745	0.07484	0.07514	-2.4599
5.98456	0.08343	0.08333	-2.98274
5.98167	0.08962	0.08977	-2.693
5.97878	0.09654	0.09616	-3.25632
5.9759	0.1059	0.10556	-3.18347
5.97303	0.11238	0.11206	-3.1393
5.97015	0.12127	0.12106	-3.02921
5.96728	0.12773	0.12743	-3.09967
5.96441	0.14027	0.14027	-2.85713
5.96154	0.1493	0.14953	-2.70763
5.95867	0.15911	0.15947	-2.6329
5.95581	0.16796	0.16821	-2.71018
5.95295	0.17979	0.18084	-2.27855
5.9501	0.18823	0.18964	-2.11305
5.94724	0.19572	0.19735	-2.02983
5.94439	0.20839	0.21056	-1.82665
5.94154	0.21544	0.21761	-1.86433
5.9387	0.22815	0.23105	-1.60529
5.93585	0.23633	0.23945	-1.55725
5.93301	0.24601	0.24972	-1.3733
5.93018	0.25731	0.26146	-1.27269
5.92734	0.26429	0.26881	-1.17565
5.92451	0.27528	0.28018	-1.11114
5.92168	0.28244	0.28768	-1.03696
5.91885	0.29255	0.29834	-0.91935
5.91603	0.29846	0.30454	-0.86407
5.91321	0.30951	0.31622	-0.73718
5.91039	0.31799	0.32494	-0.7219
5.90758	0.32456	0.33208	-0.59713
5.90476	0.33281	0.34066	-0.55394
5.90195	0.34127	0.34932	-0.55667
5.89914	0.34934	0.35766	-0.53542
5.89634	0.35516	0.36385	-0.47214
5.89354	0.36435	0.3733	-0.46413
5.89074	0.36864	0.37769	-0.46393
5.88794	0.3776	0.38713	-0.39942
5.88514	0.38417	0.39374	-0.42982
5.88235	0.39217	0.40213	-0.38418
5.87956	0.39744	0.40767	-0.35089
5.87678	0.40295	0.41327	-0.36374
5.87399	0.41027	0.42101	-0.30862
5.87121	0.41415	0.42477	-0.35924
5.86843	0.42172	0.43265	-0.33399
5.86566	0.42575	0.43689	-0.30899
5.86288	0.43187	0.4435	-0.23812
5.86011	0.43813	0.44997	-0.22895
5.85735	0.44234	0.45442	-0.20199
5.85458	0.44758	0.45968	-0.22703
5.85182	0.4511	0.46367	-0.14743
5.84906	0.45588	0.46876	-0.11221
5.8463	0.45847	0.47142	-0.11323
5.84354	0.46416	0.47721	-0.1262
5.84079	0.46799	0.48142	-0.06855
5.83804	0.47141	0.48495	-0.06839
5.83529	0.47454	0.4882	-0.06157
5.83255	0.47814	0.49196	-0.05059
5.82981	0.4814	0.49544	-0.02495
5.82707	0.48364	0.49759	-0.05469
5.82433	0.48677	0.50125	0.02893
5.8216	0.48914	0.50339	-0.0286
5.81886	0.49172	0.50646	0.05082
5.81614	0.49364	0.50838	0.03931
5.81341	0.49605	0.51087	0.04054
5.81068	0.49741	0.51227	0.041
5.80796	0.49884	0.51395	0.08079
5.80524	0.50076	0.51574	0.04514
5.80253	0.50155	0.51631	-3.01062E-6
5.79981	0.50327	0.51832	0.04289
5.7971	0.5039	0.51907	0.0629
5.79439	0.50474	0.51998	0.07097
5.79169	0.50546	0.52084	0.09422
5.78898	0.50576	0.52093	0.05261
5.78628	0.50593	0.52126	0.08051
5.78358	0.50596	0.52135	0.09378
5.78089	0.50608	0.52138	0.07336
5.77819	0.50596	0.52125	0.07291
5.7755	0.50518	0.52083	0.14625
5.77281	0.50479	0.52034	0.12933
5.77013	0.50374	0.51951	0.17507
5.76744	0.50297	0.51893	0.2161
5.76476	0.50235	0.51814	0.18858
5.76208	0.50076	0.51649	0.18633
5.75941	0.50018	0.51571	0.15289
5.75673	0.49804	0.51365	0.18064
5.75406	0.49654	0.51219	0.19528
5.75139	0.49479	0.5104	0.19759
5.74873	0.49289	0.50857	0.2231
5.74606	0.49085	0.50641	0.21351
5.7434	0.48808	0.50384	0.27004
5.74074	0.48641	0.50197	0.23942
5.73808	0.48292	0.49844	0.25447
5.73543	0.48126	0.49655	0.22003
5.73278	0.47735	0.4927	0.25592
5.73013	0.47455	0.48997	0.2857
5.72748	0.47107	0.48638	0.28725
5.72484	0.46771	0.48306	0.31813
5.7222	0.46498	0.47994	0.25855
5.71956	0.4604	0.47552	0.322
5.71692	0.45763	0.47248	0.28465
5.71429	0.45248	0.46711	0.27362
5.71165	0.44942	0.46392	0.26508
5.70902	0.44452	0.45902	0.30053
5.7064	0.43946	0.45391	0.32395
5.70377	0.43537	0.44996	0.38243
5.70115	0.43023	0.44439	0.32579
5.69853	0.42618	0.44019	0.32339
5.69591	0.42034	0.43408	0.30454
5.6933	0.41786	0.43147	0.29431
5.69068	0.41026	0.42391	0.35841
5.68807	0.40481	0.41835	0.37705
5.68547	0.39928	0.41245	0.33325
5.68286	0.39324	0.40649	0.40021
5.68026	0.38779	0.40078	0.38358
5.67766	0.38101	0.39375	0.37754
5.67506	0.37738	0.38996	0.36506
5.67246	0.36889	0.38147	0.4399
5.66987	0.36376	0.37604	0.40604
5.66728	0.35697	0.36926	0.46785
5.66469	0.34957	0.36204	0.58302
5.6621	0.34344	0.35533	0.48637
5.65952	0.33599	0.34766	0.49827
5.65693	0.33043	0.34169	0.43341
5.65435	0.32223	0.33316	0.42221
5.65178	0.31574	0.32673	0.50366
5.6492	0.30847	0.31941	0.56336
5.64663	0.3005	0.31074	0.43312
5.64406	0.29337	0.3035	0.4772
5.64149	0.28543	0.29545	0.53159
5.63893	0.27915	0.28897	0.53564
5.63636	0.27132	0.28075	0.49842
5.6338	0.26661	0.27593	0.52038
5.63124	0.25702	0.26598	0.50613
5.62869	0.24911	0.2579	0.54798
5.62613	0.24291	0.25129	0.4733
5.62358	0.23373	0.24167	0.4256
5.62103	0.22685	0.23488	0.55775
5.61849	0.21908	0.22692	0.59578
5.61594	0.21438	0.22212	0.62435
5.6134	0.20497	0.21242	0.64718
5.61086	0.19993	0.2069	0.5087
5.60832	0.19165	0.19847	0.57235
5.60579	0.1831	0.18954	0.53349
5.60325	0.17652	0.18317	0.77154
5.60072	0.17062	0.17671	0.59148
5.59819	0.1648	0.17079	0.6465
5.59567	0.15775	0.16318	0.46764
5.59314	0.15295	0.15841	0.58364
5.59062	0.14615	0.15123	0.49502
5.5881	0.14048	0.14542	0.53528
5.58559	0.1347	0.13944	0.54222
5.58307	0.12918	0.13373	0.54263
5.58056	0.12426	0.12848	0.42115
5.57805	0.11926	0.12329	0.4105
5.57554	0.11651	0.12052	0.46796
5.57303	0.11045	0.11406	0.30463
5.57053	0.106	0.10941	0.25439
5.56803	0.10281	0.10599	0.14251
5.56553	0.09854	0.10143	-0.01145
5.56303	0.0953	0.09814	0.03316
5.56054	0.09213	0.09479	-0.05536
5.55805	0.09058	0.09322	-0.01917
5.55556	0.0872	0.08958	-0.19566
5.55307	0.08576	0.08796	-0.35609
5.55058	0.08337	0.08556	-0.29917
5.5481	0.08167	0.0838	-0.32067
5.54562	0.08035	0.08243	-0.33181
5.54314	0.07944	0.08142	-0.4189
5.54066	0.07886	0.08073	-0.54379
5.53819	0.07827	0.08018	-0.48009
5.53571	0.07827	0.08018	-0.47807
5.53324	0.07842	0.08026	-0.56572
5.53078	0.07897	0.08069	-0.73119
5.52831	0.07968	0.08146	-0.6703
5.52585	0.08063	0.08245	-0.65468
5.52339	0.08177	0.08365	-0.61592
5.52093	0.08352	0.08532	-0.74856
5.51847	0.08421	0.08616	-0.59421
5.51601	0.08717	0.08917	-0.62199
5.51356	0.08922	0.09126	-0.62663
5.51111	0.09216	0.09408	-0.82422
5.50866	0.09467	0.09678	-0.67493
5.50622	0.09761	0.09983	-0.63025
5.50377	0.10079	0.10308	-0.63532
5.50133	0.10263	0.10506	-0.54042
5.49889	0.10732	0.10988	-0.52472
5.49645	0.11079	0.11345	-0.51868
5.49402	0.11471	0.11733	-0.62674
5.49159	0.11971	0.12244	-0.62447
5.48915	0.12359	0.12645	-0.60166
5.48673	0.12782	0.13095	-0.46899
5.4843	0.13027	0.13334	-0.56282
5.48187	0.13658	0.13986	-0.51511
5.47945	0.13864	0.1421	-0.42583
5.47703	0.14568	0.14926	-0.46429
5.47461	0.15163	0.15534	-0.46817
5.4722	0.15669	0.16052	-0.47533
5.46978	0.16065	0.16465	-0.4318
5.46737	0.1653	0.16937	-0.4531
5.46496	0.17111	0.17536	-0.43812
5.46256	0.1737	0.1781	-0.39072
5.46015	0.18156	0.18605	-0.44446
5.45775	0.18831	0.19288	-0.49087
5.45535	0.19372	0.19846	-0.47041
5.45295	0.19787	0.20282	-0.42177
5.45055	0.20278	0.20785	-0.42144
5.44815	0.20867	0.21409	-0.32579
5.44576	0.21135	0.21696	-0.27397
5.44337	0.21927	0.22503	-0.29819
5.44098	0.22647	0.23221	-0.38589
5.4386	0.23166	0.23752	-0.39318
5.43621	0.2359	0.24202	-0.33003
5.43383	0.24068	0.24657	-0.47112
5.43145	0.24676	0.25289	-0.43685
5.42907	0.24854	0.25488	-0.37367
5.4267	0.25693	0.2633	-0.4396
5.42432	0.2615	0.26819	-0.36576
5.42195	0.2682	0.27466	-0.50854
5.41958	0.27275	0.27936	-0.49118
5.41721	0.27785	0.28479	-0.42362
5.41485	0.28276	0.28938	-0.57254
5.41248	0.28549	0.29212	-0.58822
5.41012	0.29282	0.2998	-0.53152
5.40776	0.29675	0.30387	-0.51831
5.40541	0.3029	0.31022	-0.49857
5.40305	0.30719	0.31455	-0.52004
5.4007	0.31184	0.31925	-0.53921
5.39835	0.31598	0.32358	-0.50947
5.396	0.31863	0.32612	-0.5628
5.39365	0.32491	0.33256	-0.56101
5.3913	0.3288	0.33656	-0.55265
