Wavelength	Comparation
8.266667e+00	1.591349	1.591444	0.009483
8.261159e+00	1.590618	1.590713	0.009493
8.255659e+00	1.589864	1.589959	0.009503
8.250166e+00	1.589092	1.589188	0.009513
8.244681e+00	1.588308	1.588403	0.009523
8.239203e+00	1.587513	1.587608	0.009533
8.233732e+00	1.586708	1.586804	0.009543
8.228268e+00	1.585897	1.585993	0.009553
8.222812e+00	1.585080	1.585176	0.009562
8.217362e+00	1.584258	1.584353	0.009572
8.211921e+00	1.583431	1.583527	0.009582
8.206486e+00	1.581834	1.581930	0.009591
8.201058e+00	1.580313	1.580409	0.009599
8.195638e+00	1.578868	1.578964	0.009607
8.190225e+00	1.577499	1.577595	0.009615
8.184818e+00	1.576206	1.576302	0.009623
8.179420e+00	1.574988	1.575085	0.009630
8.174028e+00	1.573847	1.573943	0.009638
8.168643e+00	1.572782	1.572878	0.009645
8.163265e+00	1.571792	1.571889	0.009652
8.157895e+00	1.570879	1.570975	0.009658
8.152531e+00	1.570041	1.570138	0.009665
8.147175e+00	1.569345	1.569442	0.009671
8.141825e+00	1.568791	1.568887	0.009677
8.136483e+00	1.568378	1.568475	0.009683
8.131148e+00	1.568107	1.568203	0.009688
8.125819e+00	1.567977	1.568074	0.009693
8.120498e+00	1.567989	1.568086	0.009698
8.115183e+00	1.568142	1.568239	0.009702
8.109876e+00	1.568437	1.568534	0.009707
8.104575e+00	1.568874	1.568971	0.009711
8.099282e+00	1.569452	1.569549	0.009714
8.093995e+00	1.570105	1.570202	0.009718
8.088715e+00	1.570832	1.570929	0.009721
8.083442e+00	1.571633	1.571730	0.009724
8.078176e+00	1.572508	1.572605	0.009726
8.072917e+00	1.573458	1.573555	0.009729
8.067664e+00	1.574482	1.574579	0.009731
8.062419e+00	1.575580	1.575677	0.009733
8.057180e+00	1.576753	1.576850	0.009735
8.051948e+00	1.578000	1.578097	0.009736
8.046723e+00	1.579321	1.579418	0.009737
8.041505e+00	1.580473	1.580570	0.009739
8.036293e+00	1.581455	1.581553	0.009741
8.031088e+00	1.582269	1.582366	0.009743
8.025890e+00	1.582913	1.583010	0.009745
8.020699e+00	1.583388	1.583485	0.009748
8.015514e+00	1.583693	1.583791	0.009751
8.010336e+00	1.583830	1.583927	0.009754
8.005165e+00	1.583797	1.583894	0.009757
8.000000e+00	1.583594	1.583692	0.009761
7.994842e+00	1.583223	1.583321	0.009765
7.989691e+00	1.582612	1.582709	0.009769
7.984546e+00	1.581761	1.581858	0.009774
7.979408e+00	1.580670	1.580768	0.009779
7.974277e+00	1.579339	1.579437	0.009785
7.969152e+00	1.577769	1.577867	0.009791
7.964033e+00	1.575959	1.576057	0.009797
7.958922e+00	1.573910	1.574008	0.009803
7.953817e+00	1.571620	1.571718	0.009810
7.948718e+00	1.569091	1.569189	0.009818
7.943626e+00	1.566322	1.566420	0.009825
7.938540e+00	1.563333	1.563431	0.009833
7.933461e+00	1.560123	1.560221	0.009841
7.928389e+00	1.556692	1.556790	0.009848
7.923323e+00	1.553040	1.553139	0.009856
7.918263e+00	1.549168	1.549267	0.009864
7.913210e+00	1.545075	1.545174	0.009871
7.908163e+00	1.540762	1.540861	0.009879
7.903123e+00	1.536228	1.536327	0.009886
7.898089e+00	1.531473	1.531572	0.009893
7.893062e+00	1.526498	1.526597	0.009901
7.888041e+00	1.521352	1.521451	0.009908
7.883026e+00	1.516034	1.516134	0.009917
7.878018e+00	1.510547	1.510646	0.009926
7.873016e+00	1.504888	1.504987	0.009936
7.868020e+00	1.499058	1.499158	0.009946
7.863031e+00	1.493058	1.493157	0.009957
7.858048e+00	1.486887	1.486986	0.009969
7.853072e+00	1.480545	1.480644	0.009981
7.848101e+00	1.474032	1.474132	0.009994
7.843137e+00	1.467348	1.467448	0.010007
7.838180e+00	1.460421	1.460521	0.010022
7.833228e+00	1.453252	1.453352	0.010038
7.828283e+00	1.445839	1.445940	0.010055
7.823344e+00	1.438183	1.438284	0.010074
7.818411e+00	1.430285	1.430386	0.010093
7.813485e+00	1.422144	1.422245	0.010114
7.808564e+00	1.413760	1.413861	0.010136
7.803650e+00	1.405132	1.405234	0.010160
7.798742e+00	1.396262	1.396364	0.010184
7.793840e+00	1.387149	1.387251	0.010210
7.788945e+00	1.377574	1.377677	0.010237
7.784055e+00	1.367537	1.367640	0.010265
7.779172e+00	1.357038	1.357141	0.010294
7.774295e+00	1.346077	1.346180	0.010323
7.769424e+00	1.334653	1.334757	0.010354
7.764559e+00	1.322768	1.322872	0.010385
7.759700e+00	1.310420	1.310524	0.010417
7.754847e+00	1.297611	1.297715	0.010450
7.750000e+00	1.284339	1.284444	0.010484
7.745159e+00	1.270605	1.270711	0.010518
7.740325e+00	1.256913	1.257018	0.010553
7.735496e+00	1.243261	1.243367	0.010588
7.730673e+00	1.229651	1.229757	0.010624
7.725857e+00	1.216081	1.216188	0.010660
7.721046e+00	1.202553	1.202660	0.010697
7.716241e+00	1.189066	1.189173	0.010734
7.711443e+00	1.175620	1.175727	0.010771
7.706650e+00	1.162214	1.162323	0.010809
7.701863e+00	1.148850	1.148959	0.010848
7.697083e+00	1.135527	1.135636	0.010887
7.692308e+00	1.122623	1.122732	0.010927
7.687539e+00	1.110137	1.110247	0.010965
7.682776e+00	1.098069	1.098179	0.011004
7.678019e+00	1.086420	1.086531	0.011043
7.673267e+00	1.075190	1.075300	0.011081
7.668522e+00	1.064378	1.064489	0.011119
7.663782e+00	1.053984	1.054095	0.011158
7.659049e+00	1.044009	1.044121	0.011196
7.654321e+00	1.034452	1.034564	0.011234
7.649599e+00	1.025314	1.025426	0.011272
7.644883e+00	1.016085	1.016198	0.011311
7.640173e+00	1.006765	1.006878	0.011351
7.635468e+00	0.997354	0.997468	0.011391
7.630769e+00	0.987853	0.987968	0.011433
7.626076e+00	0.978261	0.978376	0.011474
7.621389e+00	0.968579	0.968694	0.011517
7.616708e+00	0.958805	0.958921	0.011560
7.612032e+00	0.948941	0.949057	0.011604
7.607362e+00	0.938987	0.939103	0.011649
7.602698e+00	0.928941	0.929058	0.011694
7.598039e+00	0.919008	0.919126	0.011740
7.593386e+00	0.909188	0.909306	0.011786
7.588739e+00	0.899481	0.899600	0.011831
7.584098e+00	0.889887	0.890006	0.011877
7.579462e+00	0.880406	0.880525	0.011923
7.574832e+00	0.871038	0.871157	0.011969
7.570208e+00	0.861782	0.861902	0.012015
7.565589e+00	0.852639	0.852760	0.012061
7.560976e+00	0.843609	0.843730	0.012107
7.556368e+00	0.834692	0.834814	0.012153
7.551766e+00	0.825930	0.826052	0.012200
7.547170e+00	0.817322	0.817444	0.012247
7.542579e+00	0.808868	0.808991	0.012294
7.537994e+00	0.800569	0.800693	0.012342
7.533414e+00	0.792425	0.792549	0.012390
7.528840e+00	0.784435	0.784560	0.012439
7.524272e+00	0.776600	0.776725	0.012488
7.519709e+00	0.768920	0.769045	0.012538
7.515152e+00	0.761394	0.761520	0.012588
7.510600e+00	0.754022	0.754149	0.012639
7.506053e+00	0.746779	0.746906	0.012689
7.501512e+00	0.739664	0.739791	0.012739
7.496977e+00	0.732677	0.732805	0.012789
7.492447e+00	0.725818	0.725946	0.012839
7.487923e+00	0.719087	0.719216	0.012888
7.483404e+00	0.712485	0.712614	0.012938
7.478890e+00	0.706011	0.706141	0.012987
7.474382e+00	0.699665	0.699795	0.013036
7.469880e+00	0.693447	0.693578	0.013084
7.465382e+00	0.687357	0.687489	0.013132
7.460890e+00	0.681591	0.681722	0.013180
7.456404e+00	0.676146	0.676279	0.013226
7.451923e+00	0.671025	0.671157	0.013271
7.447447e+00	0.666226	0.666359	0.013316
7.442977e+00	0.661750	0.661883	0.013359
7.438512e+00	0.657596	0.657730	0.013402
7.434053e+00	0.653766	0.653900	0.013443
7.429599e+00	0.650258	0.650393	0.013484
7.425150e+00	0.647072	0.647208	0.013523
7.420706e+00	0.644210	0.644345	0.013561
7.416268e+00	0.641360	0.641496	0.013600
7.411835e+00	0.638523	0.638660	0.013640
7.407407e+00	0.635699	0.635836	0.013681
7.402985e+00	0.632888	0.633025	0.013722
7.398568e+00	0.630089	0.630227	0.013764
7.394156e+00	0.627304	0.627442	0.013806
7.389750e+00	0.624531	0.624669	0.013850
7.385348e+00	0.621771	0.621910	0.013894
7.380952e+00	0.619024	0.619163	0.013939
7.376562e+00	0.616289	0.616429	0.013984
7.372176e+00	0.613500	0.613640	0.014030
7.367796e+00	0.610655	0.610795	0.014076
7.363420e+00	0.607754	0.607895	0.014122
7.359050e+00	0.604798	0.604940	0.014168
7.354686e+00	0.601787	0.601929	0.014215
7.350326e+00	0.598721	0.598863	0.014261
7.345972e+00	0.595599	0.595742	0.014307
7.341622e+00	0.592422	0.592565	0.014354
7.337278e+00	0.589189	0.589333	0.014400
7.332939e+00	0.585901	0.586046	0.014447
7.328605e+00	0.582516	0.582661	0.014494
7.324276e+00	0.579032	0.579178	0.014541
7.319953e+00	0.575452	0.575597	0.014587
7.315634e+00	0.571773	0.571919	0.014634
7.311321e+00	0.567997	0.568144	0.014681
7.307012e+00	0.564123	0.564270	0.014727
7.302709e+00	0.560152	0.560299	0.014774
7.298411e+00	0.556082	0.556231	0.014821
7.294118e+00	0.551916	0.552064	0.014867
7.289830e+00	0.547651	0.547800	0.014914
7.285546e+00	0.543493	0.543643	0.014960
7.281268e+00	0.539442	0.539592	0.015007
7.276995e+00	0.535497	0.535648	0.015054
7.272727e+00	0.531659	0.531810	0.015101
7.268464e+00	0.527928	0.528080	0.015149
7.264206e+00	0.524303	0.524455	0.015196
7.259953e+00	0.520785	0.520937	0.015244
7.255705e+00	0.517373	0.517526	0.015292
7.251462e+00	0.514068	0.514222	0.015340
7.247224e+00	0.510870	0.511024	0.015389
7.242991e+00	0.507845	0.508000	0.015437
7.238762e+00	0.504995	0.505150	0.015485
7.234539e+00	0.502318	0.502473	0.015532
7.230321e+00	0.499814	0.499970	0.015579
7.226107e+00	0.497485	0.497641	0.015626
7.221899e+00	0.495329	0.495486	0.015673
7.217695e+00	0.493347	0.493504	0.015719
7.213496e+00	0.491539	0.491697	0.015764
7.209302e+00	0.489905	0.490063	0.015810
7.205113e+00	0.488444	0.488602	0.015855
7.200929e+00	0.487030	0.487189	0.015900
7.196750e+00	0.485662	0.485822	0.015944
7.192575e+00	0.484341	0.484501	0.015988
7.188406e+00	0.483067	0.483227	0.016032
7.184241e+00	0.481839	0.482000	0.016076
7.180081e+00	0.480657	0.480819	0.016120
7.175926e+00	0.479523	0.479684	0.016163
7.171776e+00	0.478434	0.478596	0.016206
7.167630e+00	0.477393	0.477555	0.016248
7.163489e+00	0.476397	0.476560	0.016291
7.159353e+00	0.475342	0.475505	0.016333
7.155222e+00	0.474225	0.474389	0.016376
7.151096e+00	0.473048	0.473212	0.016419
7.146974e+00	0.471810	0.471974	0.016462
7.142857e+00	0.470511	0.470676	0.016506
7.138745e+00	0.469152	0.469317	0.016549
7.134638e+00	0.467732	0.467898	0.016593
7.130535e+00	0.466251	0.466417	0.016638
7.126437e+00	0.464710	0.464877	0.016682
7.122343e+00	0.463108	0.463275	0.016727
7.118255e+00	0.461480	0.461648	0.016771
7.114171e+00	0.459826	0.459994	0.016816
7.110092e+00	0.458147	0.458316	0.016861
7.106017e+00	0.456442	0.456611	0.016906
7.101947e+00	0.454711	0.454881	0.016951
7.097882e+00	0.452955	0.453125	0.016997
7.093822e+00	0.451173	0.451343	0.017042
7.089766e+00	0.449365	0.449536	0.017087
7.085714e+00	0.447531	0.447702	0.017133
7.081668e+00	0.445672	0.445843	0.017178
7.077626e+00	0.443861	0.444034	0.017224
7.073588e+00	0.442100	0.442273	0.017271
7.069555e+00	0.440388	0.440561	0.017319
7.065527e+00	0.438725	0.438898	0.017367
7.061503e+00	0.437111	0.437285	0.017416
7.057484e+00	0.435545	0.435720	0.017466
7.053470e+00	0.434029	0.434205	0.017517
7.049460e+00	0.432563	0.432738	0.017568
7.045455e+00	0.431145	0.431321	0.017620
7.041454e+00	0.429776	0.429952	0.017672
7.037457e+00	0.428404	0.428581	0.017725
7.033466e+00	0.427028	0.427206	0.017777
7.029478e+00	0.425649	0.425827	0.017828
7.025496e+00	0.424266	0.424445	0.017879
7.021518e+00	0.422881	0.423060	0.017930
7.017544e+00	0.421491	0.421671	0.017981
7.013575e+00	0.420099	0.420279	0.018031
7.009610e+00	0.418703	0.418884	0.018080
7.005650e+00	0.417303	0.417485	0.018130
7.001694e+00	0.415901	0.416083	0.018179
6.997743e+00	0.414500	0.414682	0.018228
6.993796e+00	0.413101	0.413284	0.018277
6.989853e+00	0.411704	0.411887	0.018326
6.985915e+00	0.410309	0.410492	0.018375
6.981982e+00	0.408915	0.409100	0.018425
6.978053e+00	0.407524	0.407709	0.018474
6.974128e+00	0.406135	0.406320	0.018524
6.970208e+00	0.404747	0.404933	0.018573
6.966292e+00	0.403362	0.403548	0.018623
6.962381e+00	0.401978	0.402165	0.018673
6.958474e+00	0.400611	0.400798	0.018723
6.954571e+00	0.399260	0.399448	0.018774
6.950673e+00	0.397926	0.398114	0.018825
6.946779e+00	0.396608	0.396797	0.018876
6.942889e+00	0.395306	0.395496	0.018928
6.939004e+00	0.394022	0.394211	0.018981
6.935123e+00	0.392753	0.392944	0.019034
6.931247e+00	0.391501	0.391692	0.019087
6.927374e+00	0.390266	0.390457	0.019141
6.923506e+00	0.389047	0.389239	0.019195
6.919643e+00	0.387880	0.388072	0.019249
6.915784e+00	0.386763	0.386957	0.019303
6.911929e+00	0.385699	0.385892	0.019356
6.908078e+00	0.384685	0.384880	0.019409
6.904232e+00	0.383724	0.383918	0.019462
6.900390e+00	0.382813	0.383008	0.019514
6.896552e+00	0.381954	0.382150	0.019566
6.892718e+00	0.381146	0.381342	0.019617
6.888889e+00	0.380390	0.380587	0.019668
6.885064e+00	0.379685	0.379882	0.019719
6.881243e+00	0.379101	0.379299	0.019770
6.877427e+00	0.378638	0.378837	0.019821
6.873614e+00	0.378297	0.378495	0.019872
6.869806e+00	0.378076	0.378275	0.019924
6.866002e+00	0.377977	0.378176	0.019976
6.862203e+00	0.377998	0.378199	0.020027
6.858407e+00	0.378141	0.378342	0.020080
6.854616e+00	0.378405	0.378606	0.020132
6.850829e+00	0.378790	0.378992	0.020184
6.847046e+00	0.379296	0.379498	0.020237
6.843267e+00	0.379752	0.379955	0.020290
6.839493e+00	0.380157	0.380360	0.020343
6.835722e+00	0.380511	0.380715	0.020397
6.831956e+00	0.380815	0.381020	0.020451
6.828194e+00	0.381069	0.381274	0.020505
6.824436e+00	0.381272	0.381478	0.020560
6.820682e+00	0.381425	0.381631	0.020615
6.816932e+00	0.381527	0.381734	0.020670
6.813187e+00	0.381579	0.381786	0.020725
6.809445e+00	0.381580	0.381788	0.020781
6.805708e+00	0.381478	0.381686	0.020838
6.801975e+00	0.381271	0.381480	0.020895
6.798246e+00	0.380961	0.381171	0.020953
6.794521e+00	0.380547	0.380757	0.021012
6.790800e+00	0.380029	0.380240	0.021072
6.787083e+00	0.379408	0.379619	0.021133
6.783370e+00	0.378682	0.378894	0.021194
6.779661e+00	0.377853	0.378066	0.021256
6.775956e+00	0.376920	0.377134	0.021319
6.772256e+00	0.375884	0.376097	0.021383
6.768559e+00	0.374930	0.375145	0.021446
6.764866e+00	0.374061	0.374276	0.021509
6.761178e+00	0.373275	0.373491	0.021572
6.757493e+00	0.372572	0.372789	0.021635
6.753813e+00	0.371954	0.372171	0.021698
6.750136e+00	0.371419	0.371636	0.021760
6.746464e+00	0.370967	0.371185	0.021822
6.742795e+00	0.370599	0.370818	0.021883
6.739130e+00	0.370315	0.370534	0.021945
6.735470e+00	0.370114	0.370334	0.022006
6.731813e+00	0.369985	0.370206	0.022067
6.728161e+00	0.369928	0.370149	0.022127
6.724512e+00	0.369943	0.370165	0.022187
6.720867e+00	0.370031	0.370253	0.022247
6.717226e+00	0.370190	0.370413	0.022307
6.713590e+00	0.370421	0.370645	0.022366
6.709957e+00	0.370724	0.370948	0.022424
6.706328e+00	0.371099	0.371324	0.022483
6.702703e+00	0.371547	0.371772	0.022541
6.699082e+00	0.372066	0.372292	0.022599
6.695464e+00	0.372520	0.372747	0.022657
6.691851e+00	0.372909	0.373137	0.022717
6.688242e+00	0.373234	0.373462	0.022778
6.684636e+00	0.373493	0.373722	0.022840
6.681034e+00	0.373688	0.373917	0.022903
6.677437e+00	0.373817	0.374047	0.022967
6.673843e+00	0.373882	0.374112	0.023032
6.670253e+00	0.373881	0.374112	0.023098
6.666667e+00	0.373816	0.374048	0.023166
6.663084e+00	0.373686	0.373918	0.023234
6.659506e+00	0.373488	0.373721	0.023303
6.655931e+00	0.373224	0.373458	0.023372
6.652361e+00	0.372894	0.373128	0.023442
6.648794e+00	0.372496	0.372731	0.023512
6.645230e+00	0.372031	0.372267	0.023582
6.641671e+00	0.371500	0.371736	0.023653
6.638116e+00	0.370902	0.371139	0.023724
6.634564e+00	0.370236	0.370474	0.023795
6.631016e+00	0.369504	0.369743	0.023867
6.627472e+00	0.368706	0.368945	0.023939
6.623932e+00	0.367988	0.368228	0.024011
6.620395e+00	0.367351	0.367592	0.024082
6.616862e+00	0.366795	0.367036	0.024153
6.613333e+00	0.366320	0.366562	0.024224
6.609808e+00	0.365926	0.366169	0.024294
6.606287e+00	0.365612	0.365856	0.024363
6.602769e+00	0.365380	0.365625	0.024432
6.599255e+00	0.365229	0.365474	0.024501
6.595745e+00	0.365158	0.365404	0.024569
6.592238e+00	0.365169	0.365415	0.024637
6.588735e+00	0.365233	0.365480	0.024704
6.585236e+00	0.365350	0.365598	0.024772
6.581741e+00	0.365521	0.365769	0.024840
6.578249e+00	0.365745	0.365994	0.024908
6.574761e+00	0.366022	0.366272	0.024976
6.571277e+00	0.366353	0.366604	0.025044
6.567797e+00	0.366737	0.366989	0.025113
6.564320e+00	0.367175	0.367427	0.025181
6.560847e+00	0.367666	0.367918	0.025250
6.557377e+00	0.368210	0.368464	0.025318
6.553911e+00	0.368682	0.368935	0.025388
6.550449e+00	0.369080	0.369334	0.025458
6.546990e+00	0.369405	0.369660	0.025529
6.543536e+00	0.369657	0.369913	0.025601
6.540084e+00	0.369835	0.370092	0.025674
6.536637e+00	0.369941	0.370198	0.025748
6.533193e+00	0.369974	0.370232	0.025823
6.529753e+00	0.369933	0.370192	0.025899
6.526316e+00	0.369819	0.370079	0.025975
6.522883e+00	0.369632	0.369893	0.026053
6.519453e+00	0.369400	0.369662	0.026131
6.516027e+00	0.369123	0.369385	0.026210
6.512605e+00	0.368801	0.369064	0.026289
6.509186e+00	0.368434	0.368697	0.026368
6.505771e+00	0.368021	0.368286	0.026448
6.502360e+00	0.367563	0.367829	0.026529
6.498952e+00	0.367061	0.367327	0.026610
6.495547e+00	0.366513	0.366780	0.026691
6.492147e+00	0.365920	0.366187	0.026773
6.488749e+00	0.365281	0.365550	0.026856
6.485356e+00	0.364645	0.364914	0.026939
6.481965e+00	0.364010	0.364280	0.027022
6.478579e+00	0.363377	0.363648	0.027105
6.475196e+00	0.362746	0.363018	0.027188
6.471816e+00	0.362117	0.362390	0.027272
6.468440e+00	0.361489	0.361763	0.027356
6.465068e+00	0.360864	0.361138	0.027440
6.461699e+00	0.360240	0.360515	0.027524
6.458333e+00	0.359618	0.359894	0.027609
6.454971e+00	0.358997	0.359274	0.027693
6.451613e+00	0.358409	0.358687	0.027778
6.448258e+00	0.357853	0.358132	0.027864
6.444906e+00	0.357330	0.357609	0.027950
6.441558e+00	0.356839	0.357119	0.028037
6.438214e+00	0.356380	0.356661	0.028124
6.434873e+00	0.355953	0.356235	0.028211
6.431535e+00	0.355559	0.355842	0.028299
6.428201e+00	0.355197	0.355481	0.028388
6.424870e+00	0.354867	0.355152	0.028477
6.421543e+00	0.354570	0.354856	0.028567
6.418219e+00	0.354329	0.354616	0.028656
6.414899e+00	0.354146	0.354433	0.028746
6.411582e+00	0.354019	0.354308	0.028835
6.408269e+00	0.353949	0.354239	0.028925
6.404959e+00	0.353936	0.354227	0.029015
6.401652e+00	0.353980	0.354271	0.029104
6.398349e+00	0.354081	0.354373	0.029194
6.395049e+00	0.354239	0.354532	0.029284
6.391753e+00	0.354454	0.354747	0.029374
6.388460e+00	0.354725	0.355020	0.029464
6.385170e+00	0.355024	0.355319	0.029553
6.381884e+00	0.355349	0.355646	0.029643
6.378601e+00	0.355702	0.355999	0.029733
6.375321e+00	0.356082	0.356380	0.029822
6.372045e+00	0.356488	0.356788	0.029912
6.368772e+00	0.356922	0.357222	0.030001
6.365503e+00	0.357383	0.357684	0.030090
6.362237e+00	0.357871	0.358173	0.030180
6.358974e+00	0.358386	0.358688	0.030269
6.355715e+00	0.358928	0.359231	0.030358
6.352459e+00	0.359385	0.359689	0.030448
6.349206e+00	0.359757	0.360063	0.030539
6.345957e+00	0.360045	0.360351	0.030631
6.342711e+00	0.360248	0.360555	0.030724
6.339468e+00	0.360366	0.360674	0.030818
6.336229e+00	0.360399	0.360709	0.030913
6.332993e+00	0.360348	0.360658	0.031009
6.329760e+00	0.360212	0.360523	0.031106
6.326531e+00	0.359991	0.360303	0.031204
6.323304e+00	0.359685	0.359998	0.031303
6.320082e+00	0.359183	0.359497	0.031403
6.316862e+00	0.358484	0.358799	0.031506
6.313646e+00	0.357589	0.357905	0.031611
6.310433e+00	0.356497	0.356814	0.031718
6.307223e+00	0.355209	0.355527	0.031827
6.304016e+00	0.353724	0.354043	0.031937
6.300813e+00	0.352043	0.352363	0.032050
6.297613e+00	0.350165	0.350486	0.032165
6.294416e+00	0.348090	0.348413	0.032282
6.291223e+00	0.345819	0.346143	0.032401
6.288032e+00	0.343440	0.343766	0.032521
6.284845e+00	0.340954	0.341280	0.032642
6.281662e+00	0.338359	0.338686	0.032764
6.278481e+00	0.335656	0.335985	0.032887
6.275304e+00	0.332846	0.333176	0.033011
6.272129e+00	0.329927	0.330259	0.033135
6.268959e+00	0.326901	0.327233	0.033261
6.265791e+00	0.323767	0.324100	0.033388
6.262626e+00	0.320524	0.320860	0.033515
6.259465e+00	0.317174	0.317511	0.033644
6.256307e+00	0.313941	0.314278	0.033772
6.253152e+00	0.310824	0.311163	0.033899
6.250000e+00	0.307823	0.308163	0.034026
6.246851e+00	0.304939	0.305280	0.034152
6.243706e+00	0.302171	0.302514	0.034278
6.240564e+00	0.299520	0.299864	0.034403
6.237425e+00	0.296985	0.297331	0.034527
6.234289e+00	0.294567	0.294914	0.034651
6.231156e+00	0.292266	0.292613	0.034774
6.228026e+00	0.290080	0.290429	0.034896
6.224900e+00	0.287110	0.287460	0.035026
6.221776e+00	0.283354	0.283705	0.035166
6.218656e+00	0.278812	0.279165	0.035313
6.215539e+00	0.273485	0.273840	0.035470
6.212425e+00	0.267372	0.267729	0.035635
6.209314e+00	0.260475	0.260833	0.035809
6.206206e+00	0.252791	0.253151	0.035992
6.203102e+00	0.244322	0.244684	0.036184
6.200000e+00	0.235068	0.235432	0.036385
6.196902e+00	0.225029	0.225394	0.036594
6.193806e+00	0.214723	0.215091	0.036816
6.190714e+00	0.204152	0.204523	0.037051
6.187625e+00	0.193316	0.193689	0.037299
6.184539e+00	0.182214	0.182589	0.037561
6.181456e+00	0.170846	0.171224	0.037836
6.178376e+00	0.159212	0.159594	0.038124
6.175299e+00	0.147313	0.147698	0.038427
6.172225e+00	0.135149	0.135536	0.038744
6.169154e+00	0.122719	0.123109	0.039076
6.166087e+00	0.110023	0.110417	0.039423
6.163022e+00	0.098277	0.098675	0.039769
6.159960e+00	0.087482	0.087884	0.040115
6.156902e+00	0.077638	0.078043	0.040459
6.153846e+00	0.068744	0.069152	0.040803
6.150794e+00	0.060800	0.061212	0.041145
6.147744e+00	0.053807	0.054222	0.041486
6.144698e+00	0.047764	0.048183	0.041826
6.141654e+00	0.042672	0.043094	0.042163
6.138614e+00	0.038530	0.038955	0.042498
6.135576e+00	0.035339	0.035767	0.042831
6.132542e+00	0.032364	0.032796	0.043159
6.129511e+00	0.029606	0.030041	0.043484
6.126482e+00	0.027064	0.027502	0.043804
6.123457e+00	0.024739	0.025180	0.044120
6.120434e+00	0.022630	0.023074	0.044429
6.117415e+00	0.020738	0.021185	0.044733
6.114398e+00	0.019062	0.019512	0.045030
6.111385e+00	0.017603	0.018056	0.045319
6.108374e+00	0.016360	0.016816	0.045600
6.105367e+00	0.015333	0.015792	0.045872
6.102362e+00	0.014305	0.014766	0.046139
6.099361e+00	0.013274	0.013738	0.046398
6.096362e+00	0.012241	0.012707	0.046650
6.093366e+00	0.011205	0.011674	0.046895
6.090373e+00	0.010167	0.010639	0.047130
6.087383e+00	0.009127	0.009601	0.047356
6.084396e+00	0.008085	0.008560	0.047571
6.081412e+00	0.007040	0.007517	0.047775
6.078431e+00	0.005993	0.006472	0.047967
6.075453e+00	0.004943	0.005425	0.048146
6.072478e+00	0.003997	0.004480	0.048306
6.069506e+00	0.003155	0.003639	0.048446
6.066536e+00	0.002415	0.002901	0.048566
6.063570e+00	0.001780	0.002266	0.048663
6.060606e+00	0.001248	0.001735	0.048737
6.057645e+00	0.000819	0.001307	0.048788
6.054688e+00	0.000493	0.000982	0.048813
6.051733e+00	0.000272	0.000760	0.048812
6.048780e+00	0.000153	0.000641	0.048784
6.045831e+00	0.000138	0.000625	0.048729
6.042885e+00	0.000124	0.000610	0.048650
6.039942e+00	0.000110	0.000596	0.048547
6.037001e+00	0.000098	0.000582	0.048420
6.034063e+00	0.000086	0.000569	0.048267
6.031128e+00	0.000075	0.000556	0.048089
6.028196e+00	0.000065	0.000544	0.047886
6.025267e+00	0.000055	0.000532	0.047656
6.022341e+00	0.000047	0.000521	0.047401
6.019417e+00	0.000039	0.000510	0.047119
6.016497e+00	0.000032	0.000500	0.046813
6.013579e+00	0.000025	0.000490	0.046481
6.010664e+00	0.000020	0.000481	0.046124
6.007752e+00	0.000015	0.000472	0.045744
6.004843e+00	0.000011	0.000464	0.045340
6.001936e+00	0.000007	0.000456	0.044914
5.999032e+00	0.000004	0.000449	0.044466
5.996132e+00	0.000002	0.000442	0.043998
5.993233e+00	0.000001	0.000436	0.043511
5.990338e+00	0.000000	0.000430	0.043006
5.987446e+00	0.000000	0.000425	0.042485
5.984556e+00	0.000000	0.000419	0.041949
5.981669e+00	0.000000	0.000414	0.041401
5.978785e+00	0.000000	0.000408	0.040841
5.975904e+00	0.000000	0.000403	0.040271
5.973025e+00	0.000000	0.000397	0.039693
5.970149e+00	0.000000	0.000391	0.039108
5.967276e+00	0.000000	0.000385	0.038518
5.964406e+00	0.000000	0.000379	0.037923
5.961538e+00	0.000000	0.000373	0.037325
5.958674e+00	0.000000	0.000367	0.036726
5.955812e+00	0.000000	0.000361	0.036126
5.952952e+00	0.000000	0.000355	0.035527
5.950096e+00	0.000000	0.000349	0.034930
5.947242e+00	0.000000	0.000343	0.034336
5.944391e+00	0.000000	0.000337	0.033746
5.941543e+00	0.000000	0.000332	0.033161
5.938697e+00	0.000000	0.000326	0.032581
5.935854e+00	0.000000	0.000320	0.032007
5.933014e+00	0.000000	0.000314	0.031440
5.930177e+00	0.000000	0.000309	0.030880
5.927342e+00	0.000000	0.000303	0.030329
5.924510e+00	0.000000	0.000298	0.029785
5.921681e+00	0.000000	0.000293	0.029251
5.918854e+00	0.000000	0.000287	0.028726
5.916031e+00	0.000000	0.000282	0.028209
5.913209e+00	0.000000	0.000277	0.027703
5.910391e+00	0.000000	0.000272	0.027206
5.907575e+00	0.000000	0.000267	0.026719
5.904762e+00	0.000000	0.000262	0.026242
5.901951e+00	0.000000	0.000258	0.025775
5.899144e+00	0.000000	0.000253	0.025318
5.896339e+00	0.000000	0.000249	0.024871
5.893536e+00	0.000000	0.000244	0.024434
5.890736e+00	0.000000	0.000240	0.024006
5.887939e+00	0.000000	0.000236	0.023589
5.885145e+00	0.000000	0.000232	0.023181
5.882353e+00	0.000000	0.000228	0.022783
5.879564e+00	0.000000	0.000224	0.022394
5.876777e+00	0.000000	0.000220	0.022014
5.873993e+00	0.000000	0.000216	0.021643
5.871212e+00	0.000000	0.000213	0.021281
5.868434e+00	0.000000	0.000209	0.020928
5.865658e+00	0.000000	0.000206	0.020584
5.862884e+00	0.000000	0.000202	0.020248
5.860113e+00	0.000000	0.000199	0.019920
5.857345e+00	0.000000	0.000196	0.019601
5.854580e+00	0.000000	0.000193	0.019289
5.851817e+00	0.000000	0.000190	0.018985
5.849057e+00	0.000000	0.000187	0.018688
5.846299e+00	0.000000	0.000184	0.018398
5.843544e+00	0.000000	0.000181	0.018116
5.840791e+00	0.000000	0.000178	0.017840
5.838041e+00	0.000000	0.000176	0.017572
5.835294e+00	0.000000	0.000173	0.017309
5.832549e+00	0.000000	0.000171	0.017053
5.829807e+00	0.000000	0.000168	0.016804
5.827068e+00	0.000000	0.000166	0.016560
5.824331e+00	0.000000	0.000163	0.016322
5.821596e+00	0.000000	0.000161	0.016090
5.818864e+00	0.000000	0.000159	0.015864
5.816135e+00	0.000000	0.000156	0.015643
5.813408e+00	0.000000	0.000154	0.015427
5.810684e+00	0.000000	0.000152	0.015216
5.807963e+00	0.000000	0.000150	0.015010
5.805243e+00	0.000000	0.000148	0.014809
5.802527e+00	0.000000	0.000146	0.014613
5.799813e+00	0.000000	0.000144	0.014421
5.797101e+00	0.000000	0.000142	0.014233
5.794393e+00	0.000000	0.000141	0.014050
5.791686e+00	0.000000	0.000139	0.013871
5.788982e+00	0.000000	0.000137	0.013696
5.786281e+00	0.000000	0.000135	0.013525
5.783582e+00	0.000000	0.000134	0.013358
5.780886e+00	0.000000	0.000132	0.013195
5.778192e+00	0.000000	0.000130	0.013035
5.775501e+00	0.000000	0.000129	0.012878
5.772812e+00	0.000000	0.000127	0.012726
5.770126e+00	0.000000	0.000126	0.012576
5.767442e+00	0.000000	0.000124	0.012429
5.764761e+00	0.000000	0.000123	0.012286
5.762082e+00	0.000000	0.000121	0.012146
5.759405e+00	0.000000	0.000120	0.012009
5.756732e+00	0.000000	0.000119	0.011874
5.754060e+00	0.000000	0.000117	0.011743
5.751391e+00	0.000000	0.000116	0.011614
5.748725e+00	0.000000	0.000115	0.011488
5.746061e+00	0.000000	0.000114	0.011364
5.743400e+00	0.000000	0.000112	0.011243
5.740741e+00	0.000000	0.000111	0.011124
5.738084e+00	0.000000	0.000110	0.011008
5.735430e+00	0.000000	0.000109	0.010894
5.732779e+00	0.000000	0.000108	0.010782
5.730129e+00	0.000000	0.000107	0.010673
5.727483e+00	0.000000	0.000106	0.010566
5.724838e+00	0.000000	0.000105	0.010460
5.722197e+00	0.000000	0.000104	0.010357
5.719557e+00	0.000000	0.000103	0.010256
5.716920e+00	0.000000	0.000102	0.010156
5.714286e+00	0.000000	0.000101	0.010059
5.711654e+00	0.000000	0.000100	0.009963
5.709024e+00	0.000000	0.000099	0.009870
5.706397e+00	0.000000	0.000098	0.009777
5.703772e+00	0.000000	0.000097	0.009687
5.701149e+00	0.000000	0.000096	0.009598
5.698529e+00	0.000000	0.000095	0.009511
5.695912e+00	0.000000	0.000094	0.009426
5.693297e+00	0.000000	0.000093	0.009342
5.690684e+00	0.000000	0.000093	0.009259
5.688073e+00	0.000000	0.000092	0.009178
5.685465e+00	0.000000	0.000091	0.009098
5.682860e+00	0.000000	0.000090	0.009020
5.680257e+00	0.000000	0.000089	0.008943
5.677656e+00	0.000000	0.000089	0.008868
5.675057e+00	0.000000	0.000088	0.008793
5.672461e+00	0.000000	0.000087	0.008720
5.669867e+00	0.000000	0.000086	0.008649
5.667276e+00	0.000000	0.000086	0.008578
5.664687e+00	0.000000	0.000085	0.008509
5.662100e+00	0.000000	0.000084	0.008440
5.659516e+00	0.000000	0.000084	0.008373
5.656934e+00	0.000000	0.000083	0.008307
5.654355e+00	0.000000	0.000082	0.008242
5.651778e+00	0.000000	0.000082	0.008178
5.649203e+00	0.000000	0.000081	0.008116
5.646630e+00	0.000000	0.000081	0.008054
5.644060e+00	0.000000	0.000080	0.007993
5.641492e+00	0.000000	0.000079	0.007933
5.638927e+00	0.000000	0.000079	0.007874
5.636364e+00	0.000000	0.000078	0.007816
5.633803e+00	0.000000	0.000078	0.007759
5.631244e+00	0.000000	0.000077	0.007703
5.628688e+00	0.000000	0.000076	0.007647
5.626134e+00	0.000000	0.000076	0.007593
5.623583e+00	0.000000	0.000075	0.007539
5.621034e+00	0.000000	0.000075	0.007486
5.618487e+00	0.000000	0.000074	0.007434
5.615942e+00	0.000000	0.000074	0.007382
5.613400e+00	0.000000	0.000073	0.007332
5.610860e+00	0.000000	0.000073	0.007282
5.608322e+00	0.000000	0.000072	0.007233
5.605787e+00	0.000000	0.000072	0.007184
5.603254e+00	0.000000	0.000071	0.007137
5.600723e+00	0.000000	0.000071	0.007090
5.598194e+00	0.000000	0.000070	0.007043
5.595668e+00	0.000000	0.000070	0.006998
5.593144e+00	0.000000	0.000070	0.006953
5.590622e+00	0.000000	0.000069	0.006908
5.588103e+00	0.000000	0.000069	0.006864
5.585586e+00	0.000000	0.000068	0.006821
5.583071e+00	0.000000	0.000068	0.006779
5.580558e+00	0.000000	0.000067	0.006737
5.578048e+00	0.000000	0.000067	0.006695
5.575540e+00	0.000000	0.000067	0.006654
5.573034e+00	0.000000	0.000066	0.006614
5.570530e+00	0.000000	0.000066	0.006574
5.568029e+00	0.000000	0.000065	0.006535
5.565530e+00	0.000000	0.000065	0.006496
5.563033e+00	0.000000	0.000065	0.006458
5.560538e+00	0.000000	0.000064	0.006420
5.558046e+00	0.000000	0.000064	0.006383
5.555556e+00	0.000000	0.000063	0.006346
5.553068e+00	0.000000	0.000063	0.006310
5.550582e+00	0.000000	0.000063	0.006274
5.548098e+00	0.000000	0.000062	0.006239
5.545617e+00	0.000000	0.000062	0.006204
5.543138e+00	0.000000	0.000062	0.006169
5.540661e+00	0.000000	0.000061	0.006135
5.538187e+00	0.000000	0.000061	0.006102
5.535714e+00	0.000000	0.000061	0.006069
5.533244e+00	0.000000	0.000060	0.006036
5.530776e+00	0.000000	0.000060	0.006003
5.528310e+00	0.000000	0.000060	0.005972
5.525847e+00	0.000000	0.000059	0.005940
5.523385e+00	0.000000	0.000059	0.005909
5.520926e+00	0.000000	0.000059	0.005878
5.518469e+00	0.000000	0.000058	0.005847
5.516014e+00	0.000000	0.000058	0.005817
5.513562e+00	0.000000	0.000058	0.005788
5.511111e+00	0.000000	0.000058	0.005758
5.508663e+00	0.000000	0.000057	0.005729
5.506217e+00	0.000000	0.000057	0.005700
5.503773e+00	0.000000	0.000057	0.005672
5.501331e+00	0.000000	0.000056	0.005644
5.498891e+00	0.000000	0.000056	0.005616
5.496454e+00	0.000000	0.000056	0.005589
5.494019e+00	0.000000	0.000056	0.005562
5.491585e+00	0.000000	0.000055	0.005535
5.489154e+00	0.000000	0.000055	0.005509
5.486726e+00	0.000000	0.000055	0.005482
5.484299e+00	0.000000	0.000055	0.005457
5.481874e+00	0.000000	0.000054	0.005431
5.479452e+00	0.000000	0.000054	0.005406
5.477032e+00	0.000000	0.000054	0.005381
5.474614e+00	0.000000	0.000054	0.005356
5.472198e+00	0.000000	0.000053	0.005331
5.469784e+00	0.000000	0.000053	0.005307
5.467372e+00	0.000000	0.000053	0.005283
5.464963e+00	0.000000	0.000053	0.005259
5.462555e+00	0.000000	0.000052	0.005236
5.460150e+00	0.000000	0.000052	0.005213
5.457746e+00	0.000000	0.000052	0.005190
5.455345e+00	0.000000	0.000052	0.005167
5.452946e+00	0.000000	0.000051	0.005145
5.450549e+00	0.000000	0.000051	0.005122
5.448155e+00	0.000000	0.000051	0.005100
5.445762e+00	0.000000	0.000051	0.005079
5.443371e+00	0.000000	0.000051	0.005057
5.440983e+00	0.000000	0.000050	0.005036
5.438596e+00	0.000000	0.000050	0.005015
5.436212e+00	0.000000	0.000050	0.004994
5.433830e+00	0.000000	0.000050	0.004973
5.431450e+00	0.000000	0.000050	0.004953
5.429072e+00	0.000000	0.000049	0.004932
5.426696e+00	0.000000	0.000049	0.004912
5.424322e+00	0.000000	0.000049	0.004892
5.421950e+00	0.000000	0.000049	0.004873
5.419580e+00	0.000000	0.000049	0.004853
5.417213e+00	0.000000	0.000048	0.004834
5.414847e+00	0.000000	0.000048	0.004815
5.412484e+00	0.000000	0.000048	0.004796
5.410122e+00	0.000000	0.000048	0.004777
5.407763e+00	0.000000	0.000048	0.004759
5.405405e+00	0.000000	0.000047	0.004740
5.403050e+00	0.000000	0.000047	0.004722
5.400697e+00	0.000000	0.000047	0.004704
5.398346e+00	0.000000	0.000047	0.004686
5.395997e+00	0.000000	0.000047	0.004669
5.393649e+00	0.000000	0.000047	0.004651
5.391304e+00	0.000000	0.000046	0.004634
5.388961e+00	0.000000	0.000046	0.004617
5.386620e+00	0.000000	0.000046	0.004599
5.384281e+00	0.000000	0.000046	0.004583
5.381944e+00	0.000000	0.000046	0.004566
5.379610e+00	0.000000	0.000045	0.004549
5.377277e+00	0.000000	0.000045	0.004533
5.374946e+00	0.000000	0.000045	0.004517
5.372617e+00	0.000000	0.000045	0.004501
5.370290e+00	0.000000	0.000045	0.004485
5.367965e+00	0.000000	0.000045	0.004469
5.365643e+00	0.000000	0.000045	0.004453
5.363322e+00	0.000000	0.000044	0.004438
5.361003e+00	0.000000	0.000044	0.004422
5.358686e+00	0.000000	0.000044	0.004407
5.356371e+00	0.000000	0.000044	0.004392
5.354059e+00	0.000000	0.000044	0.004377
5.351748e+00	0.000000	0.000044	0.004362
5.349439e+00	0.000000	0.000043	0.004347
5.347132e+00	0.000000	0.000043	0.004333
5.344828e+00	0.000000	0.000043	0.004318
5.342525e+00	0.000000	0.000043	0.004304
5.340224e+00	0.000000	0.000043	0.004289
5.337925e+00	0.000000	0.000043	0.004275
5.335628e+00	0.000000	0.000043	0.004261
5.333333e+00	0.000000	0.000042	0.004247
5.331040e+00	0.000000	0.000042	0.004234
5.328749e+00	0.000000	0.000042	0.004220
5.326460e+00	0.000000	0.000042	0.004206
5.324173e+00	0.000000	0.000042	0.004193
5.321888e+00	0.000000	0.000042	0.004180
5.319605e+00	0.000000	0.000042	0.004167
5.317324e+00	0.000000	0.000042	0.004153
5.315045e+00	0.000000	0.000041	0.004140
5.312768e+00	0.000000	0.000041	0.004128
5.310493e+00	0.000000	0.000041	0.004115
5.308219e+00	0.000000	0.000041	0.004102
5.305948e+00	0.000000	0.000041	0.004090
5.303678e+00	0.000000	0.000041	0.004077
5.301411e+00	0.000000	0.000041	0.004065
5.299145e+00	0.000000	0.000041	0.004053
5.296882e+00	0.000000	0.000040	0.004040
5.294620e+00	0.000000	0.000040	0.004028
5.292360e+00	0.000000	0.000040	0.004016
5.290102e+00	0.000000	0.000040	0.004004
5.287846e+00	0.000000	0.000040	0.003993
5.285592e+00	0.000000	0.000040	0.003981
5.283340e+00	0.000000	0.000040	0.003969
5.281090e+00	0.000000	0.000040	0.003958
5.278842e+00	0.000000	0.000039	0.003946
5.276596e+00	0.000000	0.000039	0.003935
5.274351e+00	0.000000	0.000039	0.003924
5.272109e+00	0.000000	0.000039	0.003913
5.269868e+00	0.000000	0.000039	0.003902
5.267630e+00	0.000000	0.000039	0.003891
5.265393e+00	0.000000	0.000039	0.003880
5.263158e+00	0.000000	0.000039	0.003869
5.260925e+00	0.000000	0.000039	0.003858
5.258694e+00	0.000000	0.000038	0.003847
5.256465e+00	0.000000	0.000038	0.003837
5.254237e+00	0.000000	0.000038	0.003826
5.252012e+00	0.000000	0.000038	0.003816
5.249788e+00	0.000000	0.000038	0.003805
5.247567e+00	0.000000	0.000038	0.003795
5.245347e+00	0.000000	0.000038	0.003785
5.243129e+00	0.000000	0.000038	0.003775
5.240913e+00	0.000000	0.000038	0.003765
5.238699e+00	0.000000	0.000038	0.003755
5.236486e+00	0.000000	0.000037	0.003745
5.234276e+00	0.000000	0.000037	0.003735
5.232068e+00	0.000000	0.000037	0.003725
5.229861e+00	0.000000	0.000037	0.003716
5.227656e+00	0.000000	0.000037	0.003706
5.225453e+00	0.000000	0.000037	0.003696
5.223252e+00	0.000000	0.000037	0.003687
5.221053e+00	0.000000	0.000037	0.003677
5.218855e+00	0.000000	0.000037	0.003668
5.216660e+00	0.000000	0.000037	0.003659
5.214466e+00	0.000000	0.000036	0.003650
5.212274e+00	0.000000	0.000036	0.003640
5.210084e+00	0.000000	0.000036	0.003631
5.207896e+00	0.000000	0.000036	0.003622
5.205709e+00	0.000000	0.000036	0.003613
5.203525e+00	0.000000	0.000036	0.003604
5.201342e+00	0.000000	0.000036	0.003595
5.199161e+00	0.000000	0.000036	0.003587
5.196982e+00	0.000000	0.000036	0.003578
5.194805e+00	0.000000	0.000036	0.003569
5.192630e+00	0.000000	0.000036	0.003561
5.190456e+00	0.000000	0.000036	0.003552
5.188285e+00	0.000000	0.000035	0.003544
5.186115e+00	0.000000	0.000035	0.003535
5.183946e+00	0.000000	0.000035	0.003527
5.181780e+00	0.000000	0.000035	0.003518
5.179616e+00	0.000000	0.000035	0.003510
5.177453e+00	0.000000	0.000035	0.003502
5.175292e+00	0.000000	0.000035	0.003494
5.173133e+00	0.000000	0.000035	0.003486
5.170976e+00	0.000000	0.000035	0.003477
5.168820e+00	0.000000	0.000035	0.003469
5.166667e+00	0.000000	0.000035	0.003461
5.164515e+00	0.000000	0.000035	0.003454
5.162365e+00	0.000000	0.000034	0.003446
5.160216e+00	0.000000	0.000034	0.003438
5.158070e+00	0.000000	0.000034	0.003430
5.155925e+00	0.000000	0.000034	0.003422
5.153782e+00	0.000000	0.000034	0.003415
5.151641e+00	0.000000	0.000034	0.003407
5.149502e+00	0.000000	0.000034	0.003400
5.147364e+00	0.000000	0.000034	0.003392
5.145228e+00	0.000000	0.000034	0.003385
5.143094e+00	0.000000	0.000034	0.003377
5.140962e+00	0.000000	0.000034	0.003370
5.138831e+00	0.000000	0.000034	0.003362
5.136703e+00	0.000000	0.000034	0.003355
5.134576e+00	0.000000	0.000033	0.003348
5.132450e+00	0.000000	0.000033	0.003341
5.130327e+00	0.000000	0.000033	0.003334
5.128205e+00	0.000000	0.000033	0.003326
5.126085e+00	0.000000	0.000033	0.003319
5.123967e+00	0.000000	0.000033	0.003312
5.121850e+00	0.000000	0.000033	0.003305
5.119736e+00	0.000000	0.000033	0.003298
5.117623e+00	0.000000	0.000033	0.003291
5.115512e+00	0.000000	0.000033	0.003285
5.113402e+00	0.000000	0.000033	0.003278
5.111294e+00	0.000000	0.000033	0.003271
5.109188e+00	0.000000	0.000033	0.003264
5.107084e+00	0.000000	0.000033	0.003258
5.104981e+00	0.000000	0.000033	0.003251
5.102881e+00	0.000000	0.000032	0.003244
5.100782e+00	0.000000	0.000032	0.003238
5.098684e+00	0.000000	0.000032	0.003231
5.096589e+00	0.000000	0.000032	0.003225
5.094495e+00	0.000000	0.000032	0.003218
5.092402e+00	0.000000	0.000032	0.003212
5.090312e+00	0.000000	0.000032	0.003205
5.088223e+00	0.000000	0.000032	0.003199
5.086136e+00	0.000000	0.000032	0.003193
5.084051e+00	0.000000	0.000032	0.003186
5.081967e+00	0.000000	0.000032	0.003180
5.079885e+00	0.000000	0.000032	0.003174
5.077805e+00	0.000000	0.000032	0.003168
5.075727e+00	0.000000	0.000032	0.003162
5.073650e+00	0.000000	0.000032	0.003156
5.071575e+00	0.000000	0.000031	0.003150
5.069501e+00	0.000000	0.000031	0.003143
5.067430e+00	0.000000	0.000031	0.003137
5.065359e+00	0.000000	0.000031	0.003132
5.063291e+00	0.000000	0.000031	0.003126
5.061224e+00	0.000000	0.000031	0.003120
5.059160e+00	0.000000	0.000031	0.003114
5.057096e+00	0.000000	0.000031	0.003108
5.055035e+00	0.000000	0.000031	0.003102
5.052975e+00	0.000000	0.000031	0.003096
5.050916e+00	0.000000	0.000031	0.003091
5.048860e+00	0.000000	0.000031	0.003085
5.046805e+00	0.000000	0.000031	0.003079
5.044752e+00	0.000000	0.000031	0.003074
5.042700e+00	0.000000	0.000031	0.003068
5.040650e+00	0.000000	0.000031	0.003062
5.038602e+00	0.000000	0.000031	0.003057
5.036556e+00	0.000000	0.000031	0.003051
5.034511e+00	0.000000	0.000030	0.003046
5.032468e+00	0.000000	0.000030	0.003040
5.030426e+00	0.000000	0.000030	0.003035
5.028386e+00	0.000000	0.000030	0.003029
5.026348e+00	0.000000	0.000030	0.003024
5.024311e+00	0.000000	0.000030	0.003019
5.022276e+00	0.000000	0.000030	0.003013
5.020243e+00	0.000000	0.000030	0.003008
5.018211e+00	0.000000	0.000030	0.003003
5.016181e+00	0.000000	0.000030	0.002998
5.014153e+00	0.000000	0.000030	0.002992
5.012126e+00	0.000000	0.000030	0.002987
5.010101e+00	0.000000	0.000030	0.002982
5.008078e+00	0.000000	0.000030	0.002977
5.006056e+00	0.000000	0.000030	0.002972
5.004036e+00	0.000000	0.000030	0.002967
5.002017e+00	0.000000	0.000030	0.002962
5.000000e+00	0.000000	0.000030	0.002957
4.997985e+00	0.000000	0.000030	0.002952
4.995971e+00	0.000000	0.000029	0.002947
4.993959e+00	0.000000	0.000029	0.002942
4.991948e+00	0.000000	0.000029	0.002937
4.989940e+00	0.000000	0.000029	0.002932
4.987932e+00	0.000000	0.000029	0.002927
4.985927e+00	0.000000	0.000029	0.002922
4.983923e+00	0.000000	0.000029	0.002917
4.981920e+00	0.000000	0.000029	0.002912
4.979920e+00	0.000000	0.000029	0.002908
4.977921e+00	0.000000	0.000029	0.002902
4.975923e+00	0.000000	0.000029	0.002897
4.973927e+00	0.000000	0.000029	0.002892
4.971933e+00	0.000000	0.000029	0.002887
4.969940e+00	0.000000	0.000029	0.002882
4.967949e+00	0.000000	0.000029	0.002877
4.965959e+00	0.000000	0.000029	0.002872
4.963971e+00	0.000000	0.000029	0.002868
4.961985e+00	0.000000	0.000029	0.002863
