Wavelength(nm)	R_simulated	R_experimental
2.000000e+02	0.474267	0.433570
2.002500e+02	0.470106	0.435120
2.005000e+02	0.465351	0.439060
2.007500e+02	0.460040	0.442490
2.010000e+02	0.454214	0.442510
2.012500e+02	0.447924	0.448030
2.015000e+02	0.441232	0.455370
2.017500e+02	0.434219	0.455980
2.020000e+02	0.426993	0.452340
2.022500e+02	0.419707	0.451030
2.025000e+02	0.412590	0.452540
2.027500e+02	0.406001	0.449430
2.030000e+02	0.400546	0.442740
2.032500e+02	0.397412	0.430250
2.035000e+02	0.399697	0.414330
2.037500e+02	0.407805	0.396720
2.040000e+02	0.393806	0.370610
2.042500e+02	0.401053	0.343490
2.045000e+02	0.384676	0.316310
2.047500e+02	0.315891	0.287470
2.050000e+02	0.255415	0.262240
2.052500e+02	0.203200	0.234760
2.055000e+02	0.161906	0.211180
2.057500e+02	0.134240	0.193360
2.060000e+02	0.121765	0.182410
2.062500e+02	0.124306	0.181380
2.065000e+02	0.140015	0.187060
2.067500e+02	0.165970	0.196060
2.070000e+02	0.198926	0.213650
2.072500e+02	0.235924	0.241660
2.075000e+02	0.274594	0.272950
2.077500e+02	0.313220	0.300850
2.080000e+02	0.350668	0.334670
2.082500e+02	0.386252	0.366640
2.085000e+02	0.419605	0.400260
2.087500e+02	0.450572	0.438800
2.090000e+02	0.479138	0.477500
2.092500e+02	0.505370	0.513740
2.095000e+02	0.529384	0.549500
2.097500e+02	0.551321	0.586440
2.100000e+02	0.571331	0.621950
2.102500e+02	0.589563	0.656000
2.105000e+02	0.606164	0.687500
2.107500e+02	0.621270	0.716230
2.110000e+02	0.635009	0.743530
2.112500e+02	0.647498	0.769640
2.115000e+02	0.658845	0.795780
2.117500e+02	0.669147	0.818990
2.120000e+02	0.678491	0.838130
2.122500e+02	0.686956	0.856810
2.125000e+02	0.694612	0.872980
2.127500e+02	0.701524	0.887770
2.130000e+02	0.707747	0.902130
2.132500e+02	0.713333	0.914660
2.135000e+02	0.718327	0.924660
2.137500e+02	0.722768	0.932060
2.140000e+02	0.726695	0.939660
2.142500e+02	0.730139	0.946890
2.145000e+02	0.733128	0.953170
2.147500e+02	0.735687	0.958070
2.150000e+02	0.737837	0.961250
2.152500e+02	0.739600	0.962980
2.155000e+02	0.740993	0.964090
2.157500e+02	0.742030	0.965600
2.160000e+02	0.742724	0.964760
2.162500e+02	0.743086	0.962670
2.165000e+02	0.743126	0.958870
2.167500e+02	0.742852	0.953670
2.170000e+02	0.742269	0.950870
2.172500e+02	0.741383	0.948660
2.175000e+02	0.740197	0.945200
2.177500e+02	0.738713	0.941670
2.180000e+02	0.736934	0.936990
2.182500e+02	0.734860	0.929540
2.185000e+02	0.732489	0.921890
2.187500e+02	0.729817	0.913050
2.190000e+02	0.726844	0.905530
2.192500e+02	0.723565	0.897540
2.195000e+02	0.719976	0.887560
2.197500e+02	0.716070	0.878510
2.200000e+02	0.711840	0.869280
2.202500e+02	0.707279	0.859490
2.205000e+02	0.702378	0.849430
2.207500e+02	0.697129	0.838100
2.210000e+02	0.691520	0.826240
2.212500e+02	0.685541	0.814770
2.215000e+02	0.679181	0.802290
2.217500e+02	0.672426	0.788550
2.220000e+02	0.665264	0.773900
2.222500e+02	0.657682	0.759030
2.225000e+02	0.649664	0.744000
2.227500e+02	0.641196	0.728050
2.230000e+02	0.632262	0.712200
2.232500e+02	0.622848	0.695210
2.235000e+02	0.612938	0.677030
2.237500e+02	0.602518	0.658950
2.240000e+02	0.591573	0.641730
2.242500e+02	0.580088	0.624970
2.245000e+02	0.568052	0.606200
2.247500e+02	0.555455	0.585540
2.250000e+02	0.542288	0.565100
2.252500e+02	0.528542	0.545220
2.255000e+02	0.514213	0.524690
2.257500e+02	0.499304	0.503630
2.260000e+02	0.483817	0.482870
2.262500e+02	0.467767	0.461940
2.265000e+02	0.451168	0.440470
2.267500e+02	0.434048	0.419440
2.270000e+02	0.416441	0.398820
2.272500e+02	0.398389	0.377940
2.275000e+02	0.379947	0.356610
2.277500e+02	0.361188	0.336160
2.280000e+02	0.342193	0.316030
2.282500e+02	0.323058	0.296510
2.285000e+02	0.303892	0.278610
2.287500e+02	0.284822	0.259640
2.290000e+02	0.265987	0.241870
2.292500e+02	0.247540	0.226920
2.295000e+02	0.229646	0.211800
2.297500e+02	0.212473	0.198110
2.300000e+02	0.196193	0.185980
2.302500e+02	0.180980	0.174520
2.305000e+02	0.167006	0.164310
2.307500e+02	0.154424	0.155930
2.310000e+02	0.143375	0.149260
2.312500e+02	0.133977	0.143460
2.315000e+02	0.126320	0.138520
2.317500e+02	0.120469	0.135970
2.320000e+02	0.116451	0.133540
2.322500e+02	0.114274	0.132220
2.325000e+02	0.113914	0.133450
2.327500e+02	0.115301	0.135350
2.330000e+02	0.118362	0.137850
2.332500e+02	0.122989	0.141560
2.335000e+02	0.129065	0.146800
2.337500e+02	0.136463	0.152250
2.340000e+02	0.145042	0.158530
2.342500e+02	0.154665	0.165230
2.345000e+02	0.165192	0.172680
2.347500e+02	0.176495	0.181310
2.350000e+02	0.188439	0.189190
2.352500e+02	0.200914	0.197910
2.355000e+02	0.213797	0.207480
2.357500e+02	0.227006	0.216030
2.360000e+02	0.240432	0.224930
2.362500e+02	0.254003	0.234680
2.365000e+02	0.267655	0.244840
2.367500e+02	0.281315	0.254510
2.370000e+02	0.294933	0.263780
2.372500e+02	0.308471	0.273800
2.375000e+02	0.321880	0.283420
2.377500e+02	0.335134	0.292320
2.380000e+02	0.348212	0.301480
2.382500e+02	0.361076	0.310230
2.385000e+02	0.373698	0.318990
2.387500e+02	0.386097	0.327890
2.390000e+02	0.398239	0.336170
2.392500e+02	0.410122	0.344410
2.395000e+02	0.421735	0.352070
2.397500e+02	0.433070	0.359600
2.400000e+02	0.444129	0.367550
2.402500e+02	0.454906	0.374490
2.405000e+02	0.465408	0.380830
2.407500e+02	0.475624	0.387350
2.410000e+02	0.485564	0.393620
2.412500e+02	0.495224	0.400220
2.415000e+02	0.504612	0.406450
2.417500e+02	0.513726	0.411570
2.420000e+02	0.522569	0.416410
2.422500e+02	0.531146	0.421580
2.425000e+02	0.539461	0.426870
2.427500e+02	0.547521	0.431310
2.430000e+02	0.555325	0.434910
2.432500e+02	0.562883	0.438150
2.435000e+02	0.570194	0.441640
2.437500e+02	0.577269	0.445230
2.440000e+02	0.584107	0.448840
2.442500e+02	0.590719	0.452150
2.445000e+02	0.597106	0.455250
2.447500e+02	0.603270	0.458160
2.450000e+02	0.609227	0.460660
2.452500e+02	0.614973	0.462930
2.455000e+02	0.620516	0.465260
2.457500e+02	0.625865	0.467400
2.460000e+02	0.631019	0.469140
2.462500e+02	0.635986	0.470590
2.465000e+02	0.640769	0.471910
2.467500e+02	0.645375	0.473130
2.470000e+02	0.649809	0.474520
2.472500e+02	0.654074	0.475990
2.475000e+02	0.658179	0.476840
2.477500e+02	0.662126	0.477680
2.480000e+02	0.665919	0.478210
2.482500e+02	0.669562	0.478590
2.485000e+02	0.673061	0.479360
2.487500e+02	0.676421	0.479990
2.490000e+02	0.679645	0.480360
2.492500e+02	0.682736	0.480750
2.495000e+02	0.685698	0.481370
2.497500e+02	0.688536	0.482040
2.500000e+02	0.691255	0.482290
2.502500e+02	0.693857	0.481900
2.505000e+02	0.696345	0.481160
2.507500e+02	0.698723	0.480370
2.510000e+02	0.700994	0.479650
2.512500e+02	0.703162	0.479030
2.515000e+02	0.705229	0.478400
2.517500e+02	0.707198	0.477730
2.520000e+02	0.709072	0.477110
2.522500e+02	0.710853	0.476620
2.525000e+02	0.712544	0.475980
2.527500e+02	0.714148	0.475320
2.530000e+02	0.715666	0.474900
2.532500e+02	0.717102	0.474390
2.535000e+02	0.718457	0.473720
2.537500e+02	0.719733	0.472780
2.540000e+02	0.720932	0.471560
2.542500e+02	0.722056	0.470300
2.545000e+02	0.723108	0.468910
2.547500e+02	0.724088	0.467670
2.550000e+02	0.724999	0.466620
2.552500e+02	0.725840	0.465500
2.555000e+02	0.726615	0.464160
2.557500e+02	0.727323	0.462760
2.560000e+02	0.727966	0.461480
2.562500e+02	0.728545	0.460480
2.565000e+02	0.729062	0.459380
2.567500e+02	0.729517	0.458060
2.570000e+02	0.729911	0.456600
2.572500e+02	0.730244	0.455020
2.575000e+02	0.730517	0.453660
2.577500e+02	0.730732	0.452080
2.580000e+02	0.730888	0.449930
2.582500e+02	0.730985	0.447860
2.585000e+02	0.731024	0.446350
2.587500e+02	0.731004	0.444970
2.590000e+02	0.730926	0.443430
2.592500e+02	0.730791	0.441340
2.595000e+02	0.730597	0.439090
2.597500e+02	0.730345	0.437320
2.600000e+02	0.730033	0.435720
2.602500e+02	0.729663	0.434060
2.605000e+02	0.729234	0.432370
2.607500e+02	0.728744	0.430520
2.610000e+02	0.728191	0.428870
2.612500e+02	0.727576	0.427000
2.615000e+02	0.726898	0.424790
2.617500e+02	0.726157	0.422700
2.620000e+02	0.725351	0.420450
2.622500e+02	0.724478	0.418230
2.625000e+02	0.723536	0.416270
2.627500e+02	0.722524	0.414460
2.630000e+02	0.721441	0.412560
2.632500e+02	0.720285	0.410650
2.635000e+02	0.719056	0.408630
2.637500e+02	0.717750	0.406420
2.640000e+02	0.716366	0.404030
2.642500e+02	0.714900	0.402060
2.645000e+02	0.713352	0.400430
2.647500e+02	0.711720	0.398530
2.650000e+02	0.710000	0.396680
2.652500e+02	0.708190	0.394800
2.655000e+02	0.706288	0.392390
2.657500e+02	0.704293	0.389830
2.660000e+02	0.702200	0.387820
2.662500e+02	0.700009	0.386110
2.665000e+02	0.697715	0.384240
2.667500e+02	0.695316	0.381970
2.670000e+02	0.692810	0.379010
2.672500e+02	0.690194	0.376260
2.675000e+02	0.687466	0.373740
2.677500e+02	0.684621	0.370990
2.680000e+02	0.681658	0.368450
2.682500e+02	0.678576	0.366150
2.685000e+02	0.675368	0.363490
2.687500e+02	0.672036	0.360950
2.690000e+02	0.668574	0.358950
2.692500e+02	0.664982	0.356690
2.695000e+02	0.661255	0.353910
2.697500e+02	0.657392	0.351050
2.700000e+02	0.653391	0.348080
2.702500e+02	0.649248	0.345240
2.705000e+02	0.644961	0.342800
2.707500e+02	0.640531	0.340230
2.710000e+02	0.635952	0.337730
2.712500e+02	0.631225	0.334810
2.715000e+02	0.626347	0.331340
2.717500e+02	0.621317	0.328320
2.720000e+02	0.616133	0.325590
2.722500e+02	0.610792	0.322860
2.725000e+02	0.605298	0.319830
2.727500e+02	0.599651	0.316220
2.730000e+02	0.593847	0.312490
2.732500e+02	0.587884	0.309240
2.735000e+02	0.581762	0.305830
2.737500e+02	0.575484	0.302560
2.740000e+02	0.569052	0.299470
2.742500e+02	0.562465	0.295960
2.745000e+02	0.555726	0.292210
2.747500e+02	0.548837	0.288810
2.750000e+02	0.541797	0.285490
2.752500e+02	0.534607	0.281850
2.755000e+02	0.527272	0.278130
2.757500e+02	0.519800	0.274390
2.760000e+02	0.512193	0.270210
2.762500e+02	0.504455	0.265900
2.765000e+02	0.496588	0.261870
2.767500e+02	0.488597	0.258200
2.770000e+02	0.480491	0.254430
2.772500e+02	0.472273	0.250370
2.775000e+02	0.463952	0.246320
2.777500e+02	0.455537	0.242300
2.780000e+02	0.447032	0.238200
2.782500e+02	0.438447	0.234100
2.785000e+02	0.429789	0.229790
2.787500e+02	0.421067	0.225500
2.790000e+02	0.412293	0.221330
2.792500e+02	0.403476	0.217220
2.795000e+02	0.394624	0.213450
2.797500e+02	0.385748	0.209550
2.800000e+02	0.376859	0.205400
2.802500e+02	0.367968	0.200860
2.805000e+02	0.359089	0.196620
2.807500e+02	0.350230	0.192630
2.810000e+02	0.341404	0.188120
2.812500e+02	0.332624	0.184010
2.815000e+02	0.323899	0.180180
2.817500e+02	0.315248	0.175910
2.820000e+02	0.306682	0.171700
2.822500e+02	0.298219	0.167910
2.825000e+02	0.289875	0.164340
2.827500e+02	0.281653	0.160300
2.830000e+02	0.273575	0.156040
2.832500e+02	0.265657	0.152300
2.835000e+02	0.257912	0.148680
2.837500e+02	0.250368	0.144730
2.840000e+02	0.243029	0.140620
2.842500e+02	0.235919	0.136730
2.845000e+02	0.229056	0.133150
2.847500e+02	0.222442	0.129460
2.850000e+02	0.216118	0.126200
2.852500e+02	0.210076	0.123140
2.855000e+02	0.204326	0.119630
2.857500e+02	0.198926	0.116130
2.860000e+02	0.193840	0.112650
2.862500e+02	0.189077	0.109600
2.865000e+02	0.184697	0.106880
2.867500e+02	0.180717	0.103530
2.870000e+02	0.177047	0.100710
2.872500e+02	0.173754	0.098320
2.875000e+02	0.170855	0.095480
2.877500e+02	0.168299	0.092940
2.880000e+02	0.166138	0.091230
2.882500e+02	0.164333	0.088810
2.885000e+02	0.162880	0.085930
2.887500e+02	0.161798	0.084040
2.890000e+02	0.161038	0.082610
2.892500e+02	0.160618	0.080580
2.895000e+02	0.160524	0.078710
2.897500e+02	0.160724	0.077340
2.900000e+02	0.161231	0.075780
2.902500e+02	0.162011	0.074290
2.905000e+02	0.163051	0.073320
2.907500e+02	0.164348	0.072300
2.910000e+02	0.165868	0.071310
2.912500e+02	0.167611	0.070620
2.915000e+02	0.169565	0.070160
2.917500e+02	0.171703	0.069490
2.920000e+02	0.174024	0.068770
2.922500e+02	0.176505	0.068730
2.925000e+02	0.179133	0.068540
2.927500e+02	0.181906	0.068260
2.930000e+02	0.184801	0.068120
2.932500e+02	0.187812	0.068250
2.935000e+02	0.190930	0.068780
2.937500e+02	0.194141	0.069210
2.940000e+02	0.197439	0.069300
2.942500e+02	0.200814	0.069730
2.945000e+02	0.204258	0.069880
2.947500e+02	0.207769	0.069980
2.950000e+02	0.211337	0.071080
2.952500e+02	0.214955	0.072080
2.955000e+02	0.218615	0.072670
2.957500e+02	0.222310	0.073660
2.960000e+02	0.226041	0.074610
2.962500e+02	0.229803	0.075370
2.965000e+02	0.233590	0.076540
2.967500e+02	0.237398	0.077430
2.970000e+02	0.241222	0.078510
2.972500e+02	0.245058	0.079510
2.975000e+02	0.248904	0.080660
2.977500e+02	0.252756	0.081770
2.980000e+02	0.256612	0.082840
2.982500e+02	0.260471	0.084030
2.985000e+02	0.264329	0.084870
2.987500e+02	0.268184	0.086200
2.990000e+02	0.272033	0.087490
2.992500e+02	0.275875	0.088710
2.995000e+02	0.279706	0.090070
2.997500e+02	0.283526	0.091120
3.000000e+02	0.287332	0.092460
3.002500e+02	0.291123	0.093960
3.005000e+02	0.294899	0.095220
3.007500e+02	0.298657	0.096180
3.010000e+02	0.302396	0.097680
3.012500e+02	0.306116	0.099110
3.015000e+02	0.309814	0.100070
3.017500e+02	0.313488	0.101330
3.020000e+02	0.317140	0.102250
3.022500e+02	0.320766	0.103410
3.025000e+02	0.324367	0.104720
3.027500e+02	0.327942	0.105700
3.030000e+02	0.331491	0.106810
3.032500e+02	0.335014	0.108340
3.035000e+02	0.338510	0.110080
3.037500e+02	0.341975	0.110920
3.040000e+02	0.345412	0.111620
3.042500e+02	0.348820	0.112690
3.045000e+02	0.352198	0.113890
3.047500e+02	0.355545	0.115320
3.050000e+02	0.358863	0.116470
3.052500e+02	0.362150	0.117450
3.055000e+02	0.365406	0.118600
3.057500e+02	0.368632	0.119740
3.060000e+02	0.371826	0.120710
3.062500e+02	0.374989	0.121560
3.065000e+02	0.378120	0.122860
3.067500e+02	0.381219	0.123980
3.070000e+02	0.384286	0.124540
3.072500e+02	0.387322	0.125500
3.075000e+02	0.390326	0.126880
3.077500e+02	0.393298	0.127800
3.080000e+02	0.396239	0.128580
3.082500e+02	0.399148	0.129530
3.085000e+02	0.402025	0.130370
3.087500e+02	0.404870	0.131370
3.090000e+02	0.407681	0.132130
3.092500e+02	0.410463	0.132980
3.095000e+02	0.413213	0.133920
3.097500e+02	0.415931	0.134710
3.100000e+02	0.418615	0.135500
3.102500e+02	0.421269	0.136170
3.105000e+02	0.423893	0.136750
3.107500e+02	0.426484	0.137800
3.110000e+02	0.429044	0.138640
3.112500e+02	0.431572	0.139540
3.115000e+02	0.434069	0.140770
3.117500e+02	0.436536	0.141300
3.120000e+02	0.438972	0.141500
3.122500e+02	0.441376	0.142510
3.125000e+02	0.443750	0.143500
3.127500e+02	0.446093	0.144050
3.130000e+02	0.448406	0.144580
3.132500e+02	0.450689	0.145250
3.135000e+02	0.452942	0.146110
3.137500e+02	0.455165	0.146650
3.140000e+02	0.457358	0.147240
3.142500e+02	0.459522	0.148100
3.145000e+02	0.461656	0.148640
3.147500e+02	0.463761	0.149170
3.150000e+02	0.465837	0.149730
3.152500e+02	0.467883	0.150140
3.155000e+02	0.469901	0.150900
3.157500e+02	0.471889	0.151910
3.160000e+02	0.473850	0.152190
3.162500e+02	0.475781	0.152380
3.165000e+02	0.477685	0.153040
3.167500e+02	0.479562	0.153560
3.170000e+02	0.481411	0.153700
3.172500e+02	0.483232	0.154380
3.175000e+02	0.485026	0.155100
3.177500e+02	0.486793	0.155220
3.180000e+02	0.488532	0.155790
3.182500e+02	0.490245	0.156640
3.185000e+02	0.491931	0.157070
3.187500e+02	0.493591	0.157460
3.190000e+02	0.495226	0.157800
3.192500e+02	0.496834	0.158140
3.195000e+02	0.498416	0.158710
3.197500e+02	0.499973	0.159420
3.200000e+02	0.501504	0.159980
3.202500e+02	0.503010	0.160180
3.205000e+02	0.504492	0.160250
3.207500e+02	0.505949	0.160740
3.210000e+02	0.507381	0.161240
3.212500e+02	0.508789	0.161370
3.215000e+02	0.510173	0.161640
3.217500e+02	0.511533	0.161950
3.220000e+02	0.512870	0.162530
3.222500e+02	0.514184	0.163000
3.225000e+02	0.515474	0.163410
3.227500e+02	0.516741	0.163690
3.230000e+02	0.517986	0.163740
3.232500e+02	0.519208	0.163960
3.235000e+02	0.520408	0.164520
3.237500e+02	0.521586	0.164840
3.240000e+02	0.522741	0.164940
3.242500e+02	0.523875	0.165080
3.245000e+02	0.524988	0.165360
3.247500e+02	0.526080	0.165730
3.250000e+02	0.527150	0.165400
3.252500e+02	0.528200	0.165680
3.255000e+02	0.529229	0.166460
3.257500e+02	0.530238	0.166570
3.260000e+02	0.531227	0.166970
3.262500e+02	0.532195	0.167830
3.265000e+02	0.533144	0.167860
3.267500e+02	0.534074	0.167570
3.270000e+02	0.534984	0.167670
3.272500e+02	0.535875	0.168100
3.275000e+02	0.536747	0.168230
3.277500e+02	0.537600	0.167940
3.280000e+02	0.538435	0.168030
3.282500e+02	0.539252	0.168490
3.285000e+02	0.540051	0.168770
3.287500e+02	0.540831	0.169010
3.290000e+02	0.541594	0.169190
3.292500e+02	0.542340	0.169560
3.295000e+02	0.543068	0.169870
3.297500e+02	0.543779	0.169600
3.300000e+02	0.544474	0.170150
3.302500e+02	0.545151	0.170390
3.305000e+02	0.545812	0.169810
3.307500e+02	0.546456	0.170060
3.310000e+02	0.547085	0.170670
3.312500e+02	0.547697	0.170710
3.315000e+02	0.548294	0.171090
3.317500e+02	0.548875	0.171270
3.320000e+02	0.549441	0.171170
3.322500e+02	0.549992	0.171310
3.325000e+02	0.550528	0.171250
3.327500e+02	0.551049	0.171210
3.330000e+02	0.551555	0.171250
3.332500e+02	0.552046	0.171570
3.335000e+02	0.552523	0.171780
3.337500e+02	0.552987	0.171970
3.340000e+02	0.553436	0.171930
3.342500e+02	0.553872	0.171970
3.345000e+02	0.554294	0.172090
3.347500e+02	0.554703	0.172520
3.350000e+02	0.555098	0.172690
3.352500e+02	0.555480	0.172600
3.355000e+02	0.555850	0.172420
3.357500e+02	0.556206	0.172560
3.360000e+02	0.556550	0.172710
3.362500e+02	0.556882	0.172570
3.365000e+02	0.557201	0.172450
3.367500e+02	0.557509	0.172680
3.370000e+02	0.557805	0.172670
3.372500e+02	0.558088	0.172620
3.375000e+02	0.558361	0.173040
3.377500e+02	0.558622	0.172980
3.380000e+02	0.558871	0.172660
3.382500e+02	0.559110	0.172940
3.385000e+02	0.559338	0.173160
3.387500e+02	0.559555	0.172510
3.390000e+02	0.559761	0.172530
3.392500e+02	0.559957	0.172570
3.395000e+02	0.560143	0.172270
3.397500e+02	0.560318	0.172540
3.400000e+02	0.560483	0.172960
3.402500e+02	0.560638	0.172530
3.405000e+02	0.560784	0.172720
3.407500e+02	0.560920	0.172800
3.410000e+02	0.561047	0.171910
3.412500e+02	0.561164	0.171380
3.415000e+02	0.561272	0.171280
3.417500e+02	0.561371	0.171550
3.420000e+02	0.561461	0.171590
3.422500e+02	0.561542	0.171100
3.425000e+02	0.561615	0.171540
3.427500e+02	0.561679	0.172010
3.430000e+02	0.561735	0.170900
3.432500e+02	0.561782	0.170190
3.435000e+02	0.561821	0.170560
3.437500e+02	0.561853	0.170080
3.440000e+02	0.561877	0.169590
3.442500e+02	0.561892	0.169860
3.445000e+02	0.561900	0.169720
3.447500e+02	0.561902	0.169720
3.450000e+02	0.561895	0.170260
3.452500e+02	0.561882	0.169880
3.455000e+02	0.561862	0.169120
3.457500e+02	0.561835	0.169130
3.460000e+02	0.561801	0.168990
3.462500e+02	0.561762	0.168810
3.465000e+02	0.561715	0.168740
3.467500e+02	0.561662	0.168480
3.470000e+02	0.561605	0.168360
3.472500e+02	0.561542	0.168130
3.475000e+02	0.561471	0.167940
3.477500e+02	0.561397	0.168100
3.480000e+02	0.561319	0.167760
3.482500e+02	0.561236	0.167440
3.485000e+02	0.561145	0.167410
3.487500e+02	0.561049	0.167470
3.490000e+02	0.560952	0.167500
3.492500e+02	0.560852	0.166740
3.495000e+02	0.560746	0.165920
3.497500e+02	0.560637	0.166060
3.500000e+02	0.560526	0.166650
3.502500e+02	0.560411	0.166450
3.505000e+02	0.560293	0.165870
3.507500e+02	0.560173	0.165600
3.510000e+02	0.560050	0.165280
3.512500e+02	0.559923	0.164860
3.515000e+02	0.559796	0.165230
3.517500e+02	0.559665	0.165110
3.520000e+02	0.559532	0.164780
3.522500e+02	0.559397	0.165270
3.525000e+02	0.559260	0.165480
3.527500e+02	0.559119	0.165140
3.530000e+02	0.558977	0.164400
3.532500e+02	0.558832	0.163900
3.535000e+02	0.558683	0.163900
3.537500e+02	0.558531	0.163920
3.540000e+02	0.558376	0.164270
3.542500e+02	0.558216	0.164280
3.545000e+02	0.558052	0.163720
3.547500e+02	0.557883	0.164100
3.550000e+02	0.557708	0.164140
3.552500e+02	0.557525	0.163200
3.555000e+02	0.557339	0.163070
3.557500e+02	0.557142	0.163340
3.560000e+02	0.556934	0.163060
3.562500e+02	0.556722	0.163220
3.565000e+02	0.556498	0.162670
3.567500e+02	0.556248	0.162740
3.570000e+02	0.555985	0.163640
3.572500e+02	0.555719	0.163130
3.575000e+02	0.555447	0.162300
3.577500e+02	0.555156	0.162560
3.580000e+02	0.554832	0.163290
3.582500e+02	0.554491	0.163080
3.585000e+02	0.554139	0.163170
3.587500e+02	0.553755	0.163230
3.590000e+02	0.553346	0.162400
3.592500e+02	0.552919	0.162550
3.595000e+02	0.552462	0.162790
3.597500e+02	0.551973	0.162010
3.600000e+02	0.551459	0.161490
3.602500e+02	0.550915	0.161750
3.605000e+02	0.550334	0.161640
3.607500e+02	0.549721	0.161100
3.610000e+02	0.549077	0.160840
3.612500e+02	0.548393	0.160830
3.615000e+02	0.547670	0.160490
3.617500e+02	0.546914	0.160190
3.620000e+02	0.546114	0.160100
3.622500e+02	0.545272	0.159270
3.625000e+02	0.544391	0.158760
3.627500e+02	0.543468	0.159060
3.630000e+02	0.542497	0.158720
3.632500e+02	0.541483	0.157660
3.635000e+02	0.540426	0.157510
3.637500e+02	0.539319	0.157630
3.640000e+02	0.538165	0.157240
3.642500e+02	0.536966	0.156870
3.645000e+02	0.535717	0.156780
3.647500e+02	0.534417	0.156400
3.650000e+02	0.533070	0.155900
3.652500e+02	0.531673	0.155610
3.655000e+02	0.530225	0.154780
3.657500e+02	0.528726	0.154290
3.660000e+02	0.527178	0.153820
3.662500e+02	0.525577	0.153170
3.665000e+02	0.523925	0.152760
3.667500e+02	0.522222	0.152690
3.670000e+02	0.520468	0.152160
3.672500e+02	0.518661	0.151130
3.675000e+02	0.516804	0.150660
3.677500e+02	0.514897	0.150220
3.680000e+02	0.512939	0.149650
3.682500e+02	0.510931	0.149420
3.685000e+02	0.508871	0.149260
3.687500e+02	0.506762	0.148750
3.690000e+02	0.504603	0.148120
3.692500e+02	0.502394	0.147810
3.695000e+02	0.500137	0.147580
3.697500e+02	0.497835	0.146970
3.700000e+02	0.495484	0.146450
3.702500e+02	0.493084	0.145600
3.705000e+02	0.490644	0.144960
3.707500e+02	0.488159	0.144380
3.710000e+02	0.485621	0.144110
3.712500e+02	0.483052	0.143770
3.715000e+02	0.480448	0.142950
3.717500e+02	0.477784	0.142270
3.720000e+02	0.475062	0.141980
3.722500e+02	0.472321	0.141080
3.725000e+02	0.469566	0.140140
3.727500e+02	0.466790	0.139520
3.730000e+02	0.463950	0.138930
3.732500e+02	0.461063	0.138690
3.735000e+02	0.458162	0.138120
3.737500e+02	0.455241	0.137280
3.740000e+02	0.452272	0.136400
3.742500e+02	0.449278	0.135650
3.745000e+02	0.446274	0.134820
3.747500e+02	0.443237	0.134270
3.750000e+02	0.440173	0.134030
3.752500e+02	0.437098	0.133680
3.755000e+02	0.434006	0.132630
3.757500e+02	0.430890	0.131690
3.760000e+02	0.427761	0.131040
3.762500e+02	0.424626	0.130510
3.765000e+02	0.421472	0.129950
3.767500e+02	0.418307	0.129450
3.770000e+02	0.415140	0.128380
3.772500e+02	0.411965	0.127880
3.775000e+02	0.408781	0.127360
3.777500e+02	0.405595	0.126180
3.780000e+02	0.402412	0.125480
3.782500e+02	0.399223	0.125070
3.785000e+02	0.396034	0.124490
3.787500e+02	0.392851	0.123600
3.790000e+02	0.389670	0.122730
3.792500e+02	0.386490	0.122020
3.795000e+02	0.383318	0.121370
3.797500e+02	0.380155	0.120710
3.800000e+02	0.376996	0.120220
3.802500e+02	0.373845	0.119730
3.805000e+02	0.370706	0.119280
3.807500e+02	0.367575	0.118350
3.810000e+02	0.364453	0.117710
3.812500e+02	0.361343	0.116940
3.815000e+02	0.358246	0.117000
3.817500e+02	0.355159	0.116580
3.820000e+02	0.352084	0.115710
3.822500e+02	0.349023	0.115020
3.825000e+02	0.345973	0.114490
3.827500e+02	0.342936	0.113750
3.830000e+02	0.339912	0.112850
3.832500e+02	0.336901	0.112020
3.835000e+02	0.333903	0.111630
3.837500e+02	0.330918	0.111770
3.840000e+02	0.327946	0.110970
3.842500e+02	0.324986	0.109940
3.845000e+02	0.322039	0.109150
3.847500e+02	0.319104	0.108630
3.850000e+02	0.316182	0.107750
3.852500e+02	0.313273	0.107260
3.855000e+02	0.310376	0.106450
3.857500e+02	0.307489	0.105490
3.860000e+02	0.304614	0.105240
3.862500e+02	0.301750	0.105000
3.865000e+02	0.298896	0.104450
3.867500e+02	0.296054	0.103480
3.870000e+02	0.293222	0.102470
3.872500e+02	0.290401	0.101240
3.875000e+02	0.287590	0.100240
3.877500e+02	0.284789	0.099890
3.880000e+02	0.281998	0.099590
3.882500e+02	0.279217	0.099070
3.885000e+02	0.276447	0.098210
3.887500e+02	0.273686	0.097380
3.890000e+02	0.270935	0.096580
3.892500e+02	0.268194	0.096350
3.895000e+02	0.265461	0.096000
3.897500e+02	0.262738	0.095090
3.900000e+02	0.260023	0.094760
3.902500e+02	0.257319	0.094360
3.905000e+02	0.254624	0.092970
3.907500e+02	0.251940	0.092170
3.910000e+02	0.249264	0.092240
3.912500e+02	0.246598	0.091320
3.915000e+02	0.243940	0.089690
3.917500e+02	0.241292	0.088880
3.920000e+02	0.238654	0.088620
3.922500e+02	0.236027	0.087500
3.925000e+02	0.233409	0.086220
3.927500e+02	0.230801	0.085300
3.930000e+02	0.228204	0.084930
3.932500e+02	0.225616	0.084500
3.935000e+02	0.223039	0.084400
3.937500e+02	0.220472	0.084090
3.940000e+02	0.217916	0.083630
3.942500e+02	0.215370	0.083230
3.945000e+02	0.212836	0.082790
3.947500e+02	0.210312	0.082110
3.950000e+02	0.207799	0.081360
3.952500e+02	0.205298	0.080880
3.955000e+02	0.202808	0.080300
3.957500e+02	0.200329	0.079420
3.960000e+02	0.197863	0.078790
3.962500e+02	0.195408	0.078770
3.965000e+02	0.192965	0.078440
3.967500e+02	0.190535	0.077510
3.970000e+02	0.188117	0.076590
3.972500e+02	0.185711	0.075390
3.975000e+02	0.183318	0.074140
3.977500e+02	0.180938	0.073070
3.980000e+02	0.178570	0.072100
3.982500e+02	0.176216	0.072590
3.985000e+02	0.173875	0.072350
3.987500e+02	0.171548	0.070940
3.990000e+02	0.169235	0.070640
3.992500e+02	0.166935	0.071130
3.995000e+02	0.164649	0.070710
3.997500e+02	0.162376	0.070320
4.000000e+02	0.160118	0.070000
4.002500e+02	0.157874	0.079170
4.005000e+02	0.155644	0.112830
4.007500e+02	0.153429	-0.013420
