6.200000e+00	2.940465	0.063976
6.192260e+00	2.935782	0.062216
6.184539e+00	2.931196	0.060375
6.176837e+00	2.926703	0.058445
6.169154e+00	2.922301	0.056418
6.161491e+00	2.917988	0.054282
6.153846e+00	2.913760	0.052023
6.146221e+00	2.909616	0.049625
6.138614e+00	2.905553	0.047065
6.131026e+00	2.901569	0.044314
6.123457e+00	2.897662	0.041331
6.115906e+00	2.893830	0.038055
6.108374e+00	2.890070	0.034392
6.100861e+00	2.886382	0.030162
6.093366e+00	2.882760	0.024905
6.085890e+00	2.876230	0.017090
6.078431e+00	2.869447	0.013100
6.070991e+00	2.863932	0.007006
6.063570e+00	2.850221	0.000000
6.056166e+00	2.839964	0.000000
6.048780e+00	2.831482	0.000000
6.041413e+00	2.823848	0.000000
6.034063e+00	2.816759	0.000000
6.026731e+00	2.810066	0.000000
6.019417e+00	2.803685	0.000000
6.012121e+00	2.797557	0.000000
6.004843e+00	2.791646	0.000000
5.997582e+00	2.785922	0.000000
5.990338e+00	2.780364	0.000000
5.983112e+00	2.774954	0.000000
5.975904e+00	2.769679	0.000000
5.968712e+00	2.764528	0.000000
5.961538e+00	2.759490	0.000000
5.954382e+00	2.754559	0.000000
5.947242e+00	2.749728	0.000000
5.940120e+00	2.744989	0.000000
5.933014e+00	2.740339	0.000000
5.925926e+00	2.735773	0.000000
5.918854e+00	2.731285	0.000000
5.911800e+00	2.726874	0.000000
5.904762e+00	2.722534	0.000000
5.897741e+00	2.718264	0.000000
5.890736e+00	2.714061	0.000000
5.883749e+00	2.709921	0.000000
5.876777e+00	2.705843	0.000000
5.869822e+00	2.701825	0.000000
5.862884e+00	2.697863	0.000000
5.855962e+00	2.693957	0.000000
5.849057e+00	2.690105	0.000000
5.842167e+00	2.686305	0.000000
5.835294e+00	2.682555	0.000000
5.828437e+00	2.678855	0.000000
5.821596e+00	2.675202	0.000000
5.814771e+00	2.671595	0.000000
5.807963e+00	2.668034	0.000000
5.801170e+00	2.664516	0.000000
5.794393e+00	2.661041	0.000000
5.787631e+00	2.657608	0.000000
5.780886e+00	2.654216	0.000000
5.774156e+00	2.650863	0.000000
5.767442e+00	2.647549	0.000000
5.760743e+00	2.644274	0.000000
5.754060e+00	2.641035	0.000000
5.747393e+00	2.637832	0.000000
5.740741e+00	2.634665	0.000000
5.734104e+00	2.631533	0.000000
5.727483e+00	2.628435	0.000000
5.720877e+00	2.625370	0.000000
5.714286e+00	2.622337	0.000000
5.707710e+00	2.619337	0.000000
5.701149e+00	2.616368	0.000000
5.694604e+00	2.613429	0.000000
5.688073e+00	2.610521	0.000000
5.681558e+00	2.607643	0.000000
5.675057e+00	2.604793	0.000000
5.668571e+00	2.601972	0.000000
5.662100e+00	2.599179	0.000000
5.655644e+00	2.596413	0.000000
5.649203e+00	2.593674	0.000000
5.642776e+00	2.590962	0.000000
5.636364e+00	2.588275	0.000000
5.629966e+00	2.585615	0.000000
5.623583e+00	2.582979	0.000000
5.617214e+00	2.580369	0.000000
5.610860e+00	2.577782	0.000000
5.604520e+00	2.575220	0.000000
5.598194e+00	2.572681	0.000000
5.591883e+00	2.570165	0.000000
5.585586e+00	2.567672	0.000000
5.579303e+00	2.565201	0.000000
5.573034e+00	2.562753	0.000000
5.566779e+00	2.560326	0.000000
5.560538e+00	2.557921	0.000000
5.554311e+00	2.555536	0.000000
5.548098e+00	2.553173	0.000000
5.541899e+00	2.550830	0.000000
5.535714e+00	2.548507	0.000000
5.529543e+00	2.546204	0.000000
5.523385e+00	2.543920	0.000000
5.517241e+00	2.541656	0.000000
5.511111e+00	2.539411	0.000000
5.504994e+00	2.537185	0.000000
5.498891e+00	2.534977	0.000000
5.492802e+00	2.532787	0.000000
5.486726e+00	2.530615	0.000000
5.480663e+00	2.528461	0.000000
5.474614e+00	2.526324	0.000000
5.468578e+00	2.524205	0.000000
5.462555e+00	2.522102	0.000000
5.456546e+00	2.520016	0.000000
5.450549e+00	2.517947	0.000000
5.444566e+00	2.515894	0.000000
5.438596e+00	2.513858	0.000000
5.432640e+00	2.511837	0.000000
5.426696e+00	2.509832	0.000000
5.420765e+00	2.507842	0.000000
5.414847e+00	2.505868	0.000000
5.408942e+00	2.503908	0.000000
5.403050e+00	2.501964	0.000000
5.397171e+00	2.500034	0.000000
5.391304e+00	2.498119	0.000000
5.385451e+00	2.496218	0.000000
5.379610e+00	2.494332	0.000000
5.373781e+00	2.492459	0.000000
5.367965e+00	2.490601	0.000000
5.362162e+00	2.488756	0.000000
5.356371e+00	2.486924	0.000000
5.350593e+00	2.485106	0.000000
5.344828e+00	2.483301	0.000000
5.339074e+00	2.481509	0.000000
5.333333e+00	2.479730	0.000000
5.327605e+00	2.477963	0.000000
5.321888e+00	2.476209	0.000000
5.316184e+00	2.474468	0.000000
5.310493e+00	2.472739	0.000000
5.304813e+00	2.471022	0.000000
5.299145e+00	2.469317	0.000000
5.293490e+00	2.467624	0.000000
5.287846e+00	2.465943	0.000000
5.282215e+00	2.464273	0.000000
5.276596e+00	2.462615	0.000000
5.270988e+00	2.460968	0.000000
5.265393e+00	2.459332	0.000000
5.259809e+00	2.457708	0.000000
5.254237e+00	2.456094	0.000000
5.248677e+00	2.454492	0.000000
5.243129e+00	2.452900	0.000000
5.237592e+00	2.451318	0.000000
5.232068e+00	2.449747	0.000000
5.226554e+00	2.448187	0.000000
5.221053e+00	2.446637	0.000000
5.215563e+00	2.445097	0.000000
5.210084e+00	2.443567	0.000000
5.204617e+00	2.442047	0.000000
5.199161e+00	2.440538	0.000000
5.193717e+00	2.439037	0.000000
5.188285e+00	2.437547	0.000000
5.182863e+00	2.436066	0.000000
5.177453e+00	2.434594	0.000000
5.172054e+00	2.433132	0.000000
5.166667e+00	2.431679	0.000000
5.161290e+00	2.430236	0.000000
5.155925e+00	2.428801	0.000000
5.150571e+00	2.427376	0.000000
5.145228e+00	2.425959	0.000000
5.139896e+00	2.424551	0.000000
5.134576e+00	2.423152	0.000000
5.129266e+00	2.421762	0.000000
5.123967e+00	2.420380	0.000000
5.118679e+00	2.419007	0.000000
5.113402e+00	2.417642	0.000000
5.108136e+00	2.416286	0.000000
5.102881e+00	2.414937	0.000000
5.097636e+00	2.413597	0.000000
5.092402e+00	2.412265	0.000000
5.087179e+00	2.410941	0.000000
5.081967e+00	2.409625	0.000000
5.076766e+00	2.408317	0.000000
5.071575e+00	2.407016	0.000000
5.066394e+00	2.405723	0.000000
5.061224e+00	2.404438	0.000000
5.056065e+00	2.403161	0.000000
5.050916e+00	2.401891	0.000000
5.045778e+00	2.400628	0.000000
5.040650e+00	2.399373	0.000000
5.035533e+00	2.398125	0.000000
5.030426e+00	2.396885	0.000000
5.025329e+00	2.395651	0.000000
5.020243e+00	2.394425	0.000000
5.015167e+00	2.393205	0.000000
5.010101e+00	2.391993	0.000000
5.005045e+00	2.390788	0.000000
5.000000e+00	2.389589	0.000000
4.994965e+00	2.388397	0.000000
4.989940e+00	2.387212	0.000000
4.984925e+00	2.386034	0.000000
4.979920e+00	2.384862	0.000000
4.974925e+00	2.383697	0.000000
4.969940e+00	2.382538	0.000000
4.964965e+00	2.381386	0.000000
4.960000e+00	2.380240	0.000000
4.955045e+00	2.379100	0.000000
4.950100e+00	2.377967	0.000000
4.945165e+00	2.376840	0.000000
4.940239e+00	2.375719	0.000000
4.935323e+00	2.374605	0.000000
4.930417e+00	2.373496	0.000000
4.925521e+00	2.372393	0.000000
4.920635e+00	2.371297	0.000000
4.915758e+00	2.370206	0.000000
4.910891e+00	2.369121	0.000000
4.906034e+00	2.368042	0.000000
4.901186e+00	2.366969	0.000000
4.896347e+00	2.365901	0.000000
4.891519e+00	2.364840	0.000000
4.886700e+00	2.363783	0.000000
4.881890e+00	2.362733	0.000000
4.877089e+00	2.361688	0.000000
4.872299e+00	2.360648	0.000000
4.867517e+00	2.359614	0.000000
4.862745e+00	2.358585	0.000000
4.857982e+00	2.357562	0.000000
4.853229e+00	2.356544	0.000000
4.848485e+00	2.355531	0.000000
4.843750e+00	2.354524	0.000000
4.839024e+00	2.353522	0.000000
4.834308e+00	2.352525	0.000000
4.829601e+00	2.351533	0.000000
4.824903e+00	2.350546	0.000000
4.820214e+00	2.349564	0.000000
4.815534e+00	2.348587	0.000000
4.810863e+00	2.347615	0.000000
4.806202e+00	2.346648	0.000000
4.801549e+00	2.345686	0.000000
4.796905e+00	2.344729	0.000000
4.792271e+00	2.343776	0.000000
4.787645e+00	2.342828	0.000000
4.783028e+00	2.341885	0.000000
4.778420e+00	2.340947	0.000000
4.773821e+00	2.340014	0.000000
4.769231e+00	2.339085	0.000000
4.764649e+00	2.338160	0.000000
4.760077e+00	2.337240	0.000000
4.755513e+00	2.336325	0.000000
4.750958e+00	2.335414	0.000000
4.746411e+00	2.334508	0.000000
4.741874e+00	2.333606	0.000000
4.737345e+00	2.332709	0.000000
4.732824e+00	2.331815	0.000000
4.728313e+00	2.330927	0.000000
4.723810e+00	2.330042	0.000000
4.719315e+00	2.329162	0.000000
4.714829e+00	2.328286	0.000000
4.710351e+00	2.327414	0.000000
4.705882e+00	2.326546	0.000000
4.701422e+00	2.325683	0.000000
4.696970e+00	2.324823	0.000000
4.692526e+00	2.323968	0.000000
4.688091e+00	2.323117	0.000000
4.683664e+00	2.322270	0.000000
4.679245e+00	2.321426	0.000000
4.674835e+00	2.320587	0.000000
4.670433e+00	2.319752	0.000000
4.666040e+00	2.318920	0.000000
4.661654e+00	2.318093	0.000000
4.657277e+00	2.317269	0.000000
4.652908e+00	2.316449	0.000000
4.648547e+00	2.315633	0.000000
4.644195e+00	2.314821	0.000000
4.639850e+00	2.314012	0.000000
4.635514e+00	2.313208	0.000000
4.631186e+00	2.312406	0.000000
4.626866e+00	2.311609	0.000000
4.622554e+00	2.310815	0.000000
4.618250e+00	2.310025	0.000000
4.613953e+00	2.309238	0.000000
4.609665e+00	2.308456	0.000000
4.605385e+00	2.307676	0.000000
4.601113e+00	2.306900	0.000000
4.596849e+00	2.306128	0.000000
4.592593e+00	2.305359	0.000000
4.588344e+00	2.304593	0.000000
4.584104e+00	2.303831	0.000000
4.579871e+00	2.303073	0.000000
4.575646e+00	2.302317	0.000000
4.571429e+00	2.301566	0.000000
4.567219e+00	2.300817	0.000000
4.563017e+00	2.300072	0.000000
4.558824e+00	2.299330	0.000000
4.554637e+00	2.298591	0.000000
4.550459e+00	2.297856	0.000000
4.546288e+00	2.297124	0.000000
4.542125e+00	2.296395	0.000000
4.537969e+00	2.295669	0.000000
4.533821e+00	2.294946	0.000000
4.529680e+00	2.294227	0.000000
4.525547e+00	2.293510	0.000000
4.521422e+00	2.292797	0.000000
4.517304e+00	2.292087	0.000000
4.513194e+00	2.291380	0.000000
4.509091e+00	2.290676	0.000000
4.504995e+00	2.289975	0.000000
4.500907e+00	2.289277	0.000000
4.496827e+00	2.288582	0.000000
4.492754e+00	2.287890	0.000000
4.488688e+00	2.287201	0.000000
4.484629e+00	2.286515	0.000000
4.480578e+00	2.285831	0.000000
4.476534e+00	2.285151	0.000000
4.472498e+00	2.284474	0.000000
4.468468e+00	2.283799	0.000000
4.464446e+00	2.283127	0.000000
4.460432e+00	2.282458	0.000000
4.456424e+00	2.281792	0.000000
4.452424e+00	2.281129	0.000000
4.448430e+00	2.280468	0.000000
4.444444e+00	2.279810	0.000000
4.440466e+00	2.279155	0.000000
4.436494e+00	2.278503	0.000000
4.432529e+00	2.277853	0.000000
4.428571e+00	2.277206	0.000000
4.424621e+00	2.276562	0.000000
4.420677e+00	2.275920	0.000000
4.416741e+00	2.275281	0.000000
4.412811e+00	2.274645	0.000000
4.408889e+00	2.274011	0.000000
4.404973e+00	2.273380	0.000000
4.401065e+00	2.272751	0.000000
4.397163e+00	2.272125	0.000000
4.393268e+00	2.271502	0.000000
4.389381e+00	2.270881	0.000000
4.385500e+00	2.270262	0.000000
4.381625e+00	2.269646	0.000000
4.377758e+00	2.269033	0.000000
4.373898e+00	2.268422	0.000000
4.370044e+00	2.267813	0.000000
4.366197e+00	2.267207	0.000000
4.362357e+00	2.266603	0.000000
4.358524e+00	2.266002	0.000000
4.354697e+00	2.265403	0.000000
4.350877e+00	2.264807	0.000000
4.347064e+00	2.264213	0.000000
4.343257e+00	2.263621	0.000000
4.339458e+00	2.263031	0.000000
4.335664e+00	2.262444	0.000000
4.331878e+00	2.261859	0.000000
4.328098e+00	2.261277	0.000000
4.324324e+00	2.260697	0.000000
4.320557e+00	2.260119	0.000000
4.316797e+00	2.259543	0.000000
4.313043e+00	2.258970	0.000000
4.309296e+00	2.258398	0.000000
4.305556e+00	2.257829	0.000000
4.301821e+00	2.257263	0.000000
4.298094e+00	2.256698	0.000000
4.294372e+00	2.256136	0.000000
4.290657e+00	2.255575	0.000000
4.286949e+00	2.255017	0.000000
4.283247e+00	2.254461	0.000000
4.279551e+00	2.253908	0.000000
4.275862e+00	2.253356	0.000000
4.272179e+00	2.252807	0.000000
4.268503e+00	2.252259	0.000000
4.264832e+00	2.251714	0.000000
4.261168e+00	2.251170	0.000000
4.257511e+00	2.250629	0.000000
4.253859e+00	2.250090	0.000000
4.250214e+00	2.249553	0.000000
4.246575e+00	2.249018	0.000000
4.242943e+00	2.248485	0.000000
4.239316e+00	2.247954	0.000000
4.235696e+00	2.247425	0.000000
4.232082e+00	2.246898	0.000000
4.228474e+00	2.246372	0.000000
4.224872e+00	2.245849	0.000000
4.221277e+00	2.245328	0.000000
4.217687e+00	2.244809	0.000000
4.214104e+00	2.244292	0.000000
4.210526e+00	2.243776	0.000000
4.206955e+00	2.243263	0.000000
4.203390e+00	2.242751	0.000000
4.199831e+00	2.242241	0.000000
4.196277e+00	2.241734	0.000000
4.192730e+00	2.241228	0.000000
4.189189e+00	2.240724	0.000000
4.185654e+00	2.240221	0.000000
4.182125e+00	2.239721	0.000000
4.178602e+00	2.239222	0.000000
4.175084e+00	2.238726	0.000000
4.171573e+00	2.238231	0.000000
4.168067e+00	2.237738	0.000000
4.164568e+00	2.237246	0.000000
4.161074e+00	2.236757	0.000000
4.157586e+00	2.236269	0.000000
4.154104e+00	2.235783	0.000000
4.150628e+00	2.235299	0.000000
4.147157e+00	2.234816	0.000000
4.143693e+00	2.234335	0.000000
4.140234e+00	2.233856	0.000000
4.136781e+00	2.233379	0.000000
4.133333e+00	2.232903	0.000000
4.129892e+00	2.232430	0.000000
4.126456e+00	2.231957	0.000000
4.123026e+00	2.231487	0.000000
4.119601e+00	2.231018	0.000000
4.116183e+00	2.230551	0.000000
4.112769e+00	2.230085	0.000000
4.109362e+00	2.229621	0.000000
4.105960e+00	2.229159	0.000000
4.102564e+00	2.228698	0.000000
4.099174e+00	2.228239	0.000000
4.095789e+00	2.227782	0.000000
4.092409e+00	2.227326	0.000000
4.089035e+00	2.226872	0.000000
4.085667e+00	2.226419	0.000000
4.082305e+00	2.225968	0.000000
4.078947e+00	2.225519	0.000000
4.075596e+00	2.225071	0.000000
4.072250e+00	2.224625	0.000000
4.068909e+00	2.224180	0.000000
4.065574e+00	2.223737	0.000000
4.062244e+00	2.223295	0.000000
4.058920e+00	2.222855	0.000000
4.055601e+00	2.222416	0.000000
4.052288e+00	2.221979	0.000000
4.048980e+00	2.221543	0.000000
4.045677e+00	2.221109	0.000000
4.042380e+00	2.220677	0.000000
4.039088e+00	2.220245	0.000000
4.035801e+00	2.219816	0.000000
4.032520e+00	2.219388	0.000000
4.029245e+00	2.218961	0.000000
4.025974e+00	2.218536	0.000000
4.022709e+00	2.218112	0.000000
4.019449e+00	2.217689	0.000000
4.016194e+00	2.217268	0.000000
4.012945e+00	2.216849	0.000000
4.009701e+00	2.216430	0.000000
4.006462e+00	2.216014	0.000000
4.003228e+00	2.215598	0.000000
4.000000e+00	2.215184	0.000000
3.996777e+00	2.214772	0.000000
3.993559e+00	2.214361	0.000000
3.990346e+00	2.213951	0.000000
3.987138e+00	2.213543	0.000000
3.983936e+00	2.213135	0.000000
3.980738e+00	2.212730	0.000000
3.977546e+00	2.212325	0.000000
3.974359e+00	2.211922	0.000000
3.971177e+00	2.211521	0.000000
3.968000e+00	2.211120	0.000000
3.964828e+00	2.210721	0.000000
3.961661e+00	2.210324	0.000000
3.958500e+00	2.209927	0.000000
3.955343e+00	2.209532	0.000000
3.952191e+00	2.209138	0.000000
3.949045e+00	2.208746	0.000000
3.945903e+00	2.208355	0.000000
3.942766e+00	2.207965	0.000000
3.939635e+00	2.207576	0.000000
3.936508e+00	2.207189	0.000000
3.933386e+00	2.206803	0.000000
3.930269e+00	2.206418	0.000000
3.927158e+00	2.206034	0.000000
3.924051e+00	2.205652	0.000000
3.920949e+00	2.205271	0.000000
3.917852e+00	2.204891	0.000000
3.914759e+00	2.204512	0.000000
3.911672e+00	2.204135	0.000000
3.908589e+00	2.203759	0.000000
3.905512e+00	2.203384	0.000000
3.902439e+00	2.203010	0.000000
3.899371e+00	2.202637	0.000000
3.896308e+00	2.202266	0.000000
3.893250e+00	2.201896	0.000000
3.890196e+00	2.201527	0.000000
3.887147e+00	2.201159	0.000000
3.884103e+00	2.200792	0.000000
3.881064e+00	2.200426	0.000000
3.878030e+00	2.200062	0.000000
3.875000e+00	2.199699	0.000000
3.871975e+00	2.199337	0.000000
3.868955e+00	2.198976	0.000000
3.865939e+00	2.198616	0.000000
3.862928e+00	2.198258	0.000000
3.859922e+00	2.197900	0.000000
3.856921e+00	2.197544	0.000000
3.853924e+00	2.197189	0.000000
3.850932e+00	2.196834	0.000000
3.847944e+00	2.196481	0.000000
3.844961e+00	2.196129	0.000000
3.841983e+00	2.195779	0.000000
3.839009e+00	2.195429	0.000000
3.836040e+00	2.195080	0.000000
3.833076e+00	2.194733	0.000000
3.830116e+00	2.194386	0.000000
3.827160e+00	2.194041	0.000000
3.824210e+00	2.193697	0.000000
3.821263e+00	2.193353	0.000000
3.818322e+00	2.193011	0.000000
3.815385e+00	2.192670	0.000000
3.812452e+00	2.192330	0.000000
3.809524e+00	2.191991	0.000000
3.806600e+00	2.191653	0.000000
3.803681e+00	2.191316	0.000000
3.800766e+00	2.190980	0.000000
3.797856e+00	2.190645	0.000000
3.794950e+00	2.190311	0.000000
3.792049e+00	2.189979	0.000000
3.789152e+00	2.189647	0.000000
3.786260e+00	2.189316	0.000000
3.783371e+00	2.188986	0.000000
3.780488e+00	2.188657	0.000000
3.777609e+00	2.188329	0.000000
3.774734e+00	2.188003	0.000000
3.771863e+00	2.187677	0.000000
3.768997e+00	2.187352	0.000000
3.766135e+00	2.187028	0.000000
3.763278e+00	2.186705	0.000000
3.760425e+00	2.186383	0.000000
3.757576e+00	2.186062	0.000000
3.754731e+00	2.185743	0.000000
3.751891e+00	2.185424	0.000000
3.749055e+00	2.185105	0.000000
3.746224e+00	2.184788	0.000000
3.743396e+00	2.184472	0.000000
3.740573e+00	2.184157	0.000000
3.737754e+00	2.183843	0.000000
3.734940e+00	2.183529	0.000000
3.732129e+00	2.183217	0.000000
3.729323e+00	2.182906	0.000000
3.726521e+00	2.182595	0.000000
3.723724e+00	2.182285	0.000000
3.720930e+00	2.181977	0.000000
3.718141e+00	2.181669	0.000000
3.715356e+00	2.181362	0.000000
3.712575e+00	2.181056	0.000000
3.709798e+00	2.180751	0.000000
3.707025e+00	2.180447	0.000000
3.704257e+00	2.180143	0.000000
3.701493e+00	2.179841	0.000000
3.698732e+00	2.179540	0.000000
3.695976e+00	2.179239	0.000000
3.693224e+00	2.178939	0.000000
3.690476e+00	2.178640	0.000000
3.687732e+00	2.178342	0.000000
3.684993e+00	2.178045	0.000000
3.682257e+00	2.177749	0.000000
3.679525e+00	2.177453	0.000000
3.676798e+00	2.177159	0.000000
3.674074e+00	2.176865	0.000000
3.671355e+00	2.176572	0.000000
3.668639e+00	2.176280	0.000000
3.665928e+00	2.175989	0.000000
3.663220e+00	2.175699	0.000000
3.660517e+00	2.175409	0.000000
3.657817e+00	2.175121	0.000000
3.655122e+00	2.174833	0.000000
3.652430e+00	2.174546	0.000000
3.649742e+00	2.174260	0.000000
3.647059e+00	2.173974	0.000000
3.644379e+00	2.173690	0.000000
3.641703e+00	2.173406	0.000000
3.639032e+00	2.173123	0.000000
3.636364e+00	2.172841	0.000000
3.633700e+00	2.172560	0.000000
3.631040e+00	2.172279	0.000000
3.628383e+00	2.171999	0.000000
3.625731e+00	2.171721	0.000000
3.623083e+00	2.171442	0.000000
3.620438e+00	2.171165	0.000000
3.617797e+00	2.170888	0.000000
3.615160e+00	2.170613	0.000000
3.612527e+00	2.170338	0.000000
3.609898e+00	2.170063	0.000000
3.607273e+00	2.169790	0.000000
3.604651e+00	2.169517	0.000000
3.602033e+00	2.169245	0.000000
3.599419e+00	2.168974	0.000000
3.596809e+00	2.168704	0.000000
3.594203e+00	2.168434	0.000000
3.591600e+00	2.168165	0.000000
3.589001e+00	2.167897	0.000000
3.586406e+00	2.167630	0.000000
3.583815e+00	2.167363	0.000000
3.581227e+00	2.167097	0.000000
3.578644e+00	2.166832	0.000000
3.576063e+00	2.166567	0.000000
3.573487e+00	2.166304	0.000000
3.570914e+00	2.166041	0.000000
3.568345e+00	2.165779	0.000000
3.565780e+00	2.165517	0.000000
3.563218e+00	2.165256	0.000000
3.560660e+00	2.164996	0.000000
3.558106e+00	2.164737	0.000000
3.555556e+00	2.164478	0.000000
3.553009e+00	2.164220	0.000000
3.550465e+00	2.163963	0.000000
3.547926e+00	2.163706	0.000000
3.545390e+00	2.163450	0.000000
3.542857e+00	2.163195	0.000000
3.540328e+00	2.162941	0.000000
3.537803e+00	2.162687	0.000000
3.535282e+00	2.162434	0.000000
3.532764e+00	2.162182	0.000000
3.530249e+00	2.161930	0.000000
3.527738e+00	2.161679	0.000000
3.525231e+00	2.161429	0.000000
3.522727e+00	2.161179	0.000000
3.520227e+00	2.160930	0.000000
3.517730e+00	2.160682	0.000000
3.515237e+00	2.160434	0.000000
3.512748e+00	2.160187	0.000000
3.510262e+00	2.159941	0.000000
3.507779e+00	2.159695	0.000000
3.505300e+00	2.159450	0.000000
3.502825e+00	2.159206	0.000000
3.500353e+00	2.158962	0.000000
3.497884e+00	2.158719	0.000000
3.495419e+00	2.158477	0.000000
3.492958e+00	2.158235	0.000000
3.490500e+00	2.157994	0.000000
3.488045e+00	2.157754	0.000000
3.485594e+00	2.157514	0.000000
3.483146e+00	2.157275	0.000000
3.480702e+00	2.157036	0.000000
3.478261e+00	2.156798	0.000000
3.475823e+00	2.156561	0.000000
3.473389e+00	2.156324	0.000000
3.470959e+00	2.156088	0.000000
3.468531e+00	2.155853	0.000000
3.466108e+00	2.155618	0.000000
3.463687e+00	2.155384	0.000000
3.461270e+00	2.155151	0.000000
3.458856e+00	2.154918	0.000000
3.456446e+00	2.154685	0.000000
3.454039e+00	2.154454	0.000000
3.451635e+00	2.154223	0.000000
3.449235e+00	2.153992	0.000000
3.446838e+00	2.153762	0.000000
3.444444e+00	2.153533	0.000000
3.442054e+00	2.153304	0.000000
3.439667e+00	2.153076	0.000000
3.437283e+00	2.152849	0.000000
3.434903e+00	2.152622	0.000000
3.432526e+00	2.152396	0.000000
3.430152e+00	2.152170	0.000000
3.427782e+00	2.151945	0.000000
3.425414e+00	2.151720	0.000000
3.423050e+00	2.151496	0.000000
3.420690e+00	2.151273	0.000000
3.418332e+00	2.151050	0.000000
3.415978e+00	2.150828	0.000000
3.413627e+00	2.150606	0.000000
3.411279e+00	2.150385	0.000000
3.408935e+00	2.150165	0.000000
3.406593e+00	2.149945	0.000000
3.404255e+00	2.149725	0.000000
3.401920e+00	2.149507	0.000000
3.399589e+00	2.149288	0.000000
3.397260e+00	2.149071	0.000000
3.394935e+00	2.148854	0.000000
3.392613e+00	2.148637	0.000000
3.390294e+00	2.148421	0.000000
3.387978e+00	2.148205	0.000000
3.385666e+00	2.147990	0.000000
3.383356e+00	2.147776	0.000000
3.381050e+00	2.147562	0.000000
3.378747e+00	2.147349	0.000000
3.376447e+00	2.147136	0.000000
3.374150e+00	2.146924	0.000000
3.371856e+00	2.146712	0.000000
3.369565e+00	2.146501	0.000000
3.367278e+00	2.146290	0.000000
3.364993e+00	2.146080	0.000000
3.362712e+00	2.145871	0.000000
3.360434e+00	2.145662	0.000000
3.358158e+00	2.145453	0.000000
3.355886e+00	2.145245	0.000000
3.353617e+00	2.145038	0.000000
3.351351e+00	2.144831	0.000000
3.349088e+00	2.144624	0.000000
3.346829e+00	2.144419	0.000000
3.344572e+00	2.144213	0.000000
3.342318e+00	2.144008	0.000000
3.340067e+00	2.143804	0.000000
3.337820e+00	2.143600	0.000000
3.335575e+00	2.143397	0.000000
3.333333e+00	2.143194	0.000000
3.331095e+00	2.142992	0.000000
3.328859e+00	2.142790	0.000000
3.326626e+00	2.142588	0.000000
3.324397e+00	2.142388	0.000000
3.322170e+00	2.142187	0.000000
3.319946e+00	2.141987	0.000000
3.317726e+00	2.141788	0.000000
3.315508e+00	2.141589	0.000000
3.313293e+00	2.141391	0.000000
3.311081e+00	2.141193	0.000000
3.308873e+00	2.140995	0.000000
3.306667e+00	2.140799	0.000000
3.304464e+00	2.140602	0.000000
3.302264e+00	2.140406	0.000000
3.300067e+00	2.140211	0.000000
3.297872e+00	2.140016	0.000000
3.295681e+00	2.139821	0.000000
3.293493e+00	2.139627	0.000000
3.291307e+00	2.139434	0.000000
3.289125e+00	2.139240	0.000000
3.286945e+00	2.139048	0.000000
3.284768e+00	2.138856	0.000000
3.282594e+00	2.138664	0.000000
3.280423e+00	2.138473	0.000000
3.278255e+00	2.138282	0.000000
3.276090e+00	2.138092	0.000000
3.273927e+00	2.137902	0.000000
3.271768e+00	2.137713	0.000000
3.269611e+00	2.137524	0.000000
3.267457e+00	2.137335	0.000000
3.265306e+00	2.137147	0.000000
3.263158e+00	2.136960	0.000000
3.261012e+00	2.136773	0.000000
3.258870e+00	2.136586	0.000000
3.256730e+00	2.136400	0.000000
3.254593e+00	2.136214	0.000000
3.252459e+00	2.136029	0.000000
3.250328e+00	2.135844	0.000000
3.248199e+00	2.135659	0.000000
3.246073e+00	2.135475	0.000000
3.243950e+00	2.135292	0.000000
3.241830e+00	2.135109	0.000000
3.239713e+00	2.134926	0.000000
3.237598e+00	2.134744	0.000000
3.235486e+00	2.134562	0.000000
3.233377e+00	2.134381	0.000000
3.231270e+00	2.134200	0.000000
3.229167e+00	2.134019	0.000000
3.227066e+00	2.133839	0.000000
3.224967e+00	2.133659	0.000000
3.222872e+00	2.133480	0.000000
3.220779e+00	2.133301	0.000000
3.218689e+00	2.133123	0.000000
3.216602e+00	2.132945	0.000000
3.214517e+00	2.132767	0.000000
3.212435e+00	2.132590	0.000000
3.210356e+00	2.132414	0.000000
3.208279e+00	2.132237	0.000000
3.206206e+00	2.132061	0.000000
3.204134e+00	2.131886	0.000000
3.202066e+00	2.131711	0.000000
3.200000e+00	2.131536	0.000000
3.197937e+00	2.131362	0.000000
3.195876e+00	2.131188	0.000000
3.193818e+00	2.131015	0.000000
3.191763e+00	2.130842	0.000000
3.189711e+00	2.130669	0.000000
3.187661e+00	2.130497	0.000000
3.185613e+00	2.130325	0.000000
3.183569e+00	2.130154	0.000000
3.181527e+00	2.129983	0.000000
3.179487e+00	2.129812	0.000000
3.177450e+00	2.129642	0.000000
3.175416e+00	2.129472	0.000000
3.173385e+00	2.129303	0.000000
3.171355e+00	2.129134	0.000000
3.169329e+00	2.128965	0.000000
3.167305e+00	2.128797	0.000000
3.165284e+00	2.128629	0.000000
3.163265e+00	2.128461	0.000000
3.161249e+00	2.128294	0.000000
3.159236e+00	2.128127	0.000000
3.157225e+00	2.127961	0.000000
3.155216e+00	2.127795	0.000000
3.153210e+00	2.127630	0.000000
3.151207e+00	2.127464	0.000000
3.149206e+00	2.127299	0.000000
3.147208e+00	2.127135	0.000000
3.145212e+00	2.126971	0.000000
3.143219e+00	2.126807	0.000000
3.141229e+00	2.126644	0.000000
3.139241e+00	2.126481	0.000000
3.137255e+00	2.126318	0.000000
3.135272e+00	2.126156	0.000000
3.133291e+00	2.125994	0.000000
3.131313e+00	2.125833	0.000000
3.129338e+00	2.125672	0.000000
3.127364e+00	2.125511	0.000000
3.125394e+00	2.125351	0.000000
3.123426e+00	2.125191	0.000000
3.121460e+00	2.125031	0.000000
3.119497e+00	2.124872	0.000000
3.117536e+00	2.124713	0.000000
3.115578e+00	2.124554	0.000000
3.113622e+00	2.124396	0.000000
3.111669e+00	2.124238	0.000000
3.109718e+00	2.124081	0.000000
3.107769e+00	2.123924	0.000000
3.105823e+00	2.123767	0.000000
3.103880e+00	2.123610	0.000000
3.101939e+00	2.123454	0.000000
3.100000e+00	2.123298	0.000000
3.098064e+00	2.123143	0.000000
3.096130e+00	2.122988	0.000000
3.094198e+00	2.122833	0.000000
