200	2.94047
200.24999	2.93578
200.49999	2.9312
200.75	2.9267
201.00001	2.9223
201.24999	2.91799
201.50001	2.91376
201.74999	2.90962
202	2.90555
202.25	2.90157
202.49999	2.89766
202.75001	2.89383
203.00001	2.89007
203.25	2.88638
203.5	2.88276
203.74999	2.87623
204.00001	2.86945
204.25001	2.86393
204.49999	2.85022
204.75	2.83996
205.00002	2.83148
205.25	2.82385
205.50001	2.81676
205.75002	2.81007
206.00002	2.80368
206.25001	2.79756
206.49999	2.79165
206.74999	2.78592
207.00001	2.78036
207.25001	2.77495
207.49999	2.76968
207.75001	2.76453
208.00002	2.75949
208.24999	2.75456
208.50001	2.74973
208.74999	2.74499
209.00001	2.74034
209.25	2.73577
209.50001	2.73128
209.74999	2.72687
210	2.72253
210.24999	2.71826
210.50001	2.71406
210.74998	2.70992
211.00001	2.70584
211.25002	2.70182
211.50001	2.69786
211.75001	2.69396
211.99999	2.69011
212.25001	2.6863
212.5	2.68255
212.75	2.67886
213.00001	2.6752
213.25001	2.67159
213.49998	2.66803
213.74998	2.66452
213.99998	2.66104
214.25001	2.65761
214.49999	2.65422
214.75	2.65086
214.99999	2.64755
215.25001	2.64427
215.50001	2.64104
215.74999	2.63783
215.99999	2.63467
216.25	2.63153
216.49999	2.62844
216.74998	2.62537
216.99999	2.62234
217.25	2.61934
217.50002	2.61637
217.75	2.61343
218.00002	2.61052
218.24999	2.60764
218.50001	2.60479
218.75002	2.60197
219.00002	2.59918
219.25001	2.59641
219.49999	2.59367
219.75	2.59096
219.99999	2.58827
220.25	2.58561
220.49999	2.58298
220.75	2.58037
220.99999	2.57778
221.24999	2.57522
221.50001	2.57268
221.74999	2.57017
221.99998	2.56767
222.24998	2.5652
222.49999	2.56275
222.75	2.56033
223	2.55792
223.25001	2.55554
223.50002	2.55317
223.75002	2.55083
224.00001	2.54851
224.25	2.5462
224.50001	2.54392
224.75002	2.54166
225	2.53941
225.25002	2.53719
225.50001	2.53498
225.74999	2.53279
225.99999	2.53062
226.25	2.52846
226.49999	2.52632
226.74999	2.52421
227	2.5221
227.24999	2.52002
227.50002	2.51795
227.75002	2.51589
228.00002	2.51386
228.24999	2.51184
228.49999	2.50983
228.75	2.50784
229.00001	2.50587
229.25001	2.50391
229.5	2.50196
229.74999	2.50003
230.00001	2.49812
230.24998	2.49622
230.49998	2.49433
230.75001	2.49246
231.00002	2.4906
231.25001	2.48876
231.50002	2.48692
231.75001	2.48511
231.99998	2.4833
232.25001	2.48151
232.50001	2.47973
232.74999	2.47796
233.00002	2.47621
233.25002	2.47447
233.49998	2.47274
233.74999	2.47102
234.00001	2.46932
234.24999	2.46762
234.50002	2.46594
234.75001	2.46427
234.99999	2.46262
235.25001	2.46097
235.49999	2.45933
235.75001	2.45771
236.00001	2.45609
236.25001	2.45449
236.5	2.4529
236.75002	2.45132
236.99998	2.44975
237.25001	2.44819
237.49998	2.44664
237.74998	2.4451
238	2.44357
238.25	2.44205
238.50002	2.44054
238.75001	2.43904
238.99998	2.43755
239.25001	2.43607
239.5	2.43459
239.75001	2.43313
239.99998	2.43168
240.25002	2.43024
240.50001	2.4288
240.75001	2.42738
241.00001	2.42596
241.25002	2.42455
241.49998	2.42315
241.74999	2.42176
242	2.42038
242.25	2.41901
242.5	2.41764
242.75	2.41629
242.99998	2.41494
243.25001	2.4136
243.50002	2.41227
243.75002	2.41094
244.00001	2.40963
244.24998	2.40832
244.49998	2.40702
244.75001	2.40572
245.00002	2.40444
245.25001	2.40316
245.50002	2.40189
245.75001	2.40063
246.00002	2.39937
246.25	2.39812
246.5	2.39689
246.75001	2.39565
247	2.39443
247.24999	2.39321
247.5	2.39199
247.75002	2.39079
248	2.38959
248.24999	2.3884
248.49998	2.38721
248.74998	2.38603
248.99998	2.38486
249.24999	2.3837
249.49999	2.38254
249.75	2.38139
250	2.38024
250.25	2.3791
250.49999	2.37797
250.74997	2.37684
251	2.37572
251.25002	2.3746
251.50003	2.3735
251.75002	2.37239
252	2.3713
252.25001	2.37021
252.5	2.36912
252.74998	2.36804
252.99999	2.36697
253.25002	2.3659
253.49999	2.36484
253.74997	2.36378
253.99999	2.36273
254.25002	2.36169
254.49998	2.36065
254.75001	2.35961
255.00001	2.35859
255.25002	2.35756
255.5	2.35654
255.74999	2.35553
256	2.35452
256.25002	2.35352
256.5	2.35253
256.74999	2.35153
256.99999	2.35055
257.24999	2.34956
257.5	2.34859
257.75001	2.34762
257.99998	2.34665
258.24999	2.34569
258.50001	2.34473
258.74997	2.34378
258.99999	2.34283
259.25	2.34189
259.5	2.34095
259.75	2.34001
259.99999	2.33908
260.25002	2.33816
260.49999	2.33724
260.75	2.33633
260.99999	2.33541
261.25003	2.33451
261.49999	2.33361
261.74999	2.33271
262.00002	2.33182
262.24998	2.33093
262.49997	2.33004
262.75	2.32916
262.99999	2.32829
263.25002	2.32741
263.50002	2.32655
263.74999	2.32568
263.99998	2.32482
264.25	2.32397
264.49999	2.32312
264.74999	2.32227
265.00002	2.32143
265.25	2.32059
265.50001	2.31975
265.74997	2.31892
266.00001	2.31809
266.25	2.31727
266.5	2.31645
266.75002	2.31563
266.99999	2.31482
267.25002	2.31401
267.5	2.31321
267.74999	2.31241
267.99998	2.31161
268.24998	2.31081
268.49997	2.31003
268.75003	2.30924
269.00002	2.30846
269.25002	2.30768
269.50001	2.3069
269.75	2.30613
269.99998	2.30536
270.25001	2.30459
270.49997	2.30383
270.74998	2.30307
270.99999	2.30232
271.24997	2.30157
271.50001	2.30082
271.75003	2.30007
271.99997	2.29933
272.25002	2.29859
272.49998	2.29786
272.74999	2.29712
272.99997	2.2964
273.24999	2.29567
273.49999	2.29495
273.75002	2.29423
274.00003	2.29351
274.25	2.2928
274.50001	2.29209
274.74999	2.29138
274.99999	2.29068
275.25003	2.28998
275.50003	2.28928
275.74999	2.28858
275.99998	2.28789
276.24999	2.2872
276.50002	2.28652
276.75001	2.28583
277.00002	2.28515
277.24998	2.28447
277.50003	2.2838
277.75003	2.28313
277.99998	2.28246
278.25	2.28179
278.49998	2.28113
278.75003	2.28047
279.00003	2.27981
279.24997	2.27915
279.49998	2.2785
279.75	2.27785
280.00003	2.27721
280.24999	2.27656
280.50002	2.27592
280.74999	2.27528
281.00002	2.27465
281.24999	2.27401
281.50002	2.27338
281.74999	2.27275
282.00001	2.27213
282.25002	2.2715
282.49997	2.27088
282.74997	2.27026
283.00003	2.26965
283.25001	2.26903
283.49998	2.26842
283.75	2.26781
284.00001	2.26721
284.25001	2.2666
284.49998	2.266
284.75001	2.2654
285.00001	2.26481
285.25	2.26421
285.50003	2.26362
285.74997	2.26303
286.00002	2.26244
286.24998	2.26186
286.49998	2.26128
286.75002	2.2607
287.00003	2.26012
287.25001	2.25954
287.50003	2.25897
287.75002	2.2584
287.99997	2.25783
288.25002	2.25726
288.49997	2.2567
288.75002	2.25614
289.00003	2.25557
289.25	2.25502
289.5	2.25446
289.75002	2.25391
290	2.25336
290.25001	2.25281
290.49997	2.25226
290.75002	2.25171
291.00003	2.25117
291.24998	2.25063
291.50002	2.25009
291.75002	2.24955
292.00002	2.24902
292.24998	2.24849
292.50002	2.24795
292.75	2.24742
292.99999	2.2469
293.25	2.24637
293.50002	2.24585
293.74997	2.24533
294.00001	2.24481
294.24998	2.24429
294.50002	2.24378
294.75	2.24326
294.99999	2.24275
295.24998	2.24224
295.50003	2.24173
295.75002	2.24123
296.00001	2.24072
296.25	2.24022
296.49999	2.23972
296.74997	2.23922
297.00001	2.23873
297.24998	2.23823
297.50002	2.23774
297.74997	2.23725
297.99999	2.23676
298.24999	2.23627
298.49999	2.23578
298.74997	2.2353
299.00001	2.23482
299.24997	2.23434
299.49998	2.23386
299.74997	2.23338
300.00002	2.2329
300.24998	2.23243
300.49999	2.23196
300.74998	2.23149
301.00002	2.23102
301.24997	2.23055
301.50004	2.23008
301.75	2.22962
302.00002	2.22916
302.25001	2.2287
302.49997	2.22824
302.74997	2.22778
303.00002	2.22733
303.25003	2.22687
303.50002	2.22642
303.74996	2.22597
304.00003	2.22552
304.24998	2.22507
304.49997	2.22463
304.75	2.22418
304.99998	2.22374
305.25	2.22329
305.49999	2.22286
305.75	2.22242
305.99997	2.22198
306.24997	2.22154
306.5	2.22111
306.74998	2.22068
307	2.22024
307.25004	2.21982
307.50002	2.21939
307.74996	2.21896
308	2.21854
308.24999	2.21811
308.5	2.21769
308.75003	2.21727
309	2.21685
309.24999	2.21643
309.5	2.21601
309.75003	2.2156
310	2.21518
310.24998	2.21477
310.49998	2.21436
310.75	2.21395
311.00002	2.21354
311.24998	2.21313
311.50003	2.21273
311.75001	2.21232
312	2.21192
312.25	2.21152
312.5	2.21112
312.75001	2.21072
313.00003	2.21032
313.24997	2.20993
313.49999	2.20953
313.75002	2.20914
313.99997	2.20875
314.25	2.20836
314.50002	2.20797
314.74997	2.20758
314.99999	2.20719
315.25002	2.2068
315.50003	2.20642
315.74996	2.20603
315.99997	2.20565
316.24997	2.20527
316.49996	2.20489
316.75002	2.20451
316.99999	2.20414
317.25004	2.20376
317.49998	2.20338
317.75	2.20301
318.00001	2.20264
318.24999	2.20227
318.49997	2.2019
318.75001	2.20153
319.00003	2.20116
319.25003	2.20079
319.50001	2.20043
319.74998	2.20006
320	2.1997
320.25	2.19934
320.49998	2.19898
320.75002	2.19862
321.00003	2.19826
321.25001	2.1979
321.49997	2.19754
321.74999	2.19719
321.99997	2.19683
322.25001	2.19648
322.50002	2.19613
322.75	2.19578
323.00002	2.19543
323.25002	2.19508
323.49998	2.19473
323.74999	2.19439
324.00004	2.19404
324.24998	2.1937
324.50004	2.19335
324.74998	2.19301
324.99997	2.19267
325.25	2.19233
325.49998	2.19199
325.75001	2.19165
326	2.19132
326.25002	2.19098
326.5	2.19065
326.75002	2.19031
326.99999	2.18998
327.25	2.18965
327.49996	2.18932
327.75004	2.18899
327.99998	2.18866
328.24996	2.18833
328.49997	2.188
328.75001	2.18768
329	2.18735
329.25001	2.18703
329.49997	2.1867
329.74996	2.18638
329.99998	2.18606
330.25002	2.18574
330.50001	2.18542
330.75002	2.18511
330.99996	2.18479
331.25002	2.18447
331.50001	2.18416
331.75003	2.18384
331.99998	2.18353
332.25004	2.18322
332.50003	2.18291
332.75004	2.1826
332.99998	2.18228
333.25002	2.18198
333.49999	2.18167
333.74998	2.18136
333.99999	2.18106
334.25	2.18075
334.50004	2.18045
334.74999	2.18014
334.99996	2.17984
335.25003	2.17954
335.50001	2.17924
335.75001	2.17894
336.00002	2.17864
336.25003	2.17834
336.49996	2.17805
336.74999	2.17775
337.00002	2.17745
337.24997	2.17716
337.50001	2.17686
337.74996	2.17657
338	2.17628
338.24996	2.17599
338.50001	2.1757
338.74996	2.17541
339.00001	2.17512
339.24996	2.17483
339.5	2.17455
339.75004	2.17426
339.99998	2.17397
340.25001	2.17369
340.50004	2.17341
340.74996	2.17312
340.99997	2.17284
341.24997	2.17256
341.49996	2.17228
341.75003	2.172
342	2.17172
342.24996	2.17144
342.5	2.17117
342.75002	2.17089
343.00003	2.17061
343.25003	2.17034
343.50001	2.17006
343.74997	2.16979
344.00002	2.16952
344.25004	2.16925
344.50004	2.16897
344.75003	2.1687
344.99999	2.16843
345.25003	2.16817
345.50004	2.1679
345.75003	2.16763
346	2.16736
346.25004	2.1671
346.49996	2.16683
346.75004	2.16657
347	2.1663
347.25003	2.16604
347.50003	2.16578
347.75	2.16552
348.00004	2.16526
348.25004	2.165
348.50002	2.16474
348.74996	2.16448
348.99996	2.16422
349.25003	2.16396
349.49996	2.16371
349.74996	2.16345
350.00001	2.1632
350.25003	2.16294
350.50001	2.16269
350.74995	2.16243
350.99995	2.16218
351.25001	2.16193
351.50003	2.16168
351.75	2.16143
352.00003	2.16118
352.25001	2.16093
352.50005	2.16068
352.75004	2.16043
352.99999	2.16019
353.24999	2.15994
353.50004	2.1597
353.75004	2.15945
353.99999	2.15921
354.24999	2.15896
354.50003	2.15872
354.75003	2.15848
354.99997	2.15823
355.24996	2.15799
355.5	2.15775
355.74998	2.15751
356.00001	2.15727
356.24997	2.15704
356.49999	2.1568
356.75004	2.15656
357.00004	2.15632
357.24997	2.15609
357.50005	2.15585
357.74996	2.15562
358.00002	2.15538
358.25001	2.15515
358.50004	2.15492
358.75	2.15469
359	2.15445
359.25004	2.15422
359.50001	2.15399
359.75001	2.15376
360.00005	2.15353
360.25001	2.1533
360.50001	2.15308
360.75005	2.15285
361	2.15262
361.24999	2.1524
361.50002	2.15217
361.74996	2.15195
362.00004	2.15172
362.25004	2.1515
362.49996	2.15127
362.75002	2.15105
363	2.15083
363.25	2.15061
363.50002	2.15039
363.74997	2.15016
364.00004	2.14994
364.25003	2.14973
364.50005	2.14951
364.74997	2.14929
365.00003	2.14907
365.25	2.14885
365.49998	2.14864
365.74999	2.14842
366.00002	2.1482
366.24995	2.14799
366.50001	2.14778
366.74997	2.14756
366.99996	2.14735
367.24995	2.14714
367.49996	2.14692
367.74999	2.14671
368.00002	2.1465
368.24996	2.14629
368.50002	2.14608
368.74999	2.14587
368.99996	2.14566
369.25005	2.14545
369.50004	2.14525
369.75003	2.14504
370.00004	2.14483
370.25005	2.14462
370.49996	2.14442
370.74998	2.14421
371.00001	2.14401
371.25004	2.1438
371.49996	2.1436
371.75	2.1434
372.00004	2.14319
372.24997	2.14299
372.50001	2.14279
372.75005	2.14259
372.99998	2.14239
373.25001	2.14219
373.50005	2.14199
373.74997	2.14179
374	2.14159
374.25003	2.14139
374.50005	2.14119
374.74995	2.141
374.99996	2.1408
375.24996	2.1406
375.49996	2.14041
375.74995	2.14021
376.00004	2.14002
376.25001	2.13982
376.49997	2.13963
376.75003	2.13943
376.99996	2.13924
377.25	2.13905
377.50002	2.13886
377.75004	2.13866
378.00003	2.13847
378.25001	2.13828
378.49998	2.13809
378.75005	2.1379
378.99998	2.13771
379.25001	2.13752
379.50002	2.13734
379.75001	2.13715
379.99999	2.13696
380.25006	2.13677
380.49999	2.13659
380.75002	2.1364
381.00002	2.13621
381.25	2.13603
381.49996	2.13584
381.75001	2.13566
382.00004	2.13548
382.25003	2.13529
382.50001	2.13511
382.74995	2.13493
382.99999	2.13474
383.25	2.13456
383.49998	2.13438
383.75004	2.1342
383.99996	2.13402
384.24997	2.13384
384.50006	2.13366
384.75	2.13348
385.00003	2.1333
385.25002	2.13312
385.49998	2.13294
385.75002	2.13277
386.00003	2.13259
386.25	2.13241
386.50005	2.13224
386.74995	2.13206
387.00004	2.13189
387.24998	2.13171
387.5	2.13154
387.74998	2.13136
388.00004	2.13119
388.25005	2.13102
388.50002	2.13084
388.74995	2.13067
388.99996	2.1305
389.25004	2.13033
389.49996	2.13015
389.74995	2.12998
390.00002	2.12981
390.25004	2.12964
390.50002	2.12947
390.74994	2.1293
391.00006	2.12913
391.25001	2.12897
391.50003	2.1288
391.75	2.12863
392.00004	2.12846
392.25003	2.12829
392.49996	2.12813
392.74996	2.12796
393.00004	2.12779
393.25005	2.12763
393.50001	2.12746
393.75004	2.1273
394.00002	2.12714
394.25005	2.12697
394.50003	2.12681
394.74995	2.12664
394.99994	2.12648
395.24999	2.12632
395.49998	2.12616
395.75003	2.12599
396.00002	2.12583
396.24994	2.12567
396.50006	2.12551
396.74998	2.12535
396.99996	2.12519
397.25	2.12503
397.49998	2.12487
397.75002	2.12471
397.99999	2.12455
398.25001	2.1244
398.49997	2.12424
398.74998	2.12408
399.00005	2.12392
399.25005	2.12377
399.49998	2.12361
399.74996	2.12345
400	2.1233
400.24996	2.12314
400.49998	2.12299
400.75005	2.12283
