6.200000e+00	3.053490	0.155620
6.192260e+00	3.054379	0.154857
6.184539e+00	3.055268	0.154084
6.176837e+00	3.056159	0.153300
6.169154e+00	3.057051	0.152507
6.161491e+00	3.057944	0.151703
6.153846e+00	3.058838	0.150889
6.146221e+00	3.059732	0.150064
6.138614e+00	3.060628	0.149228
6.131026e+00	3.061525	0.148381
6.123457e+00	3.062422	0.147522
6.115906e+00	3.063321	0.146652
6.108374e+00	3.064220	0.145770
6.100861e+00	3.065120	0.144877
6.093366e+00	3.066022	0.143971
6.085890e+00	3.066924	0.143052
6.078431e+00	3.067827	0.142121
6.070991e+00	3.068732	0.141177
6.063570e+00	3.069637	0.140219
6.056166e+00	3.070543	0.139248
6.048780e+00	3.071450	0.138263
6.041413e+00	3.072358	0.137264
6.034063e+00	3.073267	0.136250
6.026731e+00	3.074176	0.135222
6.019417e+00	3.075087	0.134178
6.012121e+00	3.075999	0.133119
6.004843e+00	3.076912	0.132043
5.997582e+00	3.077825	0.130951
5.990338e+00	3.078740	0.129843
5.983112e+00	3.079655	0.128717
5.975904e+00	3.080571	0.127573
5.968712e+00	3.081489	0.126411
5.961538e+00	3.082407	0.125230
5.954382e+00	3.083326	0.124030
5.947242e+00	3.084246	0.122810
5.940120e+00	3.085167	0.121569
5.933014e+00	3.086089	0.120307
5.925926e+00	3.087011	0.119023
5.918854e+00	3.087935	0.117716
5.911800e+00	3.088860	0.116386
5.904762e+00	3.089785	0.115032
5.897741e+00	3.090711	0.113652
5.890736e+00	3.091639	0.112247
5.883749e+00	3.092567	0.110814
5.876777e+00	3.093496	0.109353
5.869822e+00	3.094426	0.107863
5.862884e+00	3.095357	0.106341
5.855962e+00	3.096289	0.104788
5.849057e+00	3.097221	0.103202
5.842167e+00	3.098155	0.101580
5.835294e+00	3.099089	0.099921
5.828437e+00	3.100025	0.098224
5.821596e+00	3.100961	0.096486
5.814771e+00	3.101898	0.094704
5.807963e+00	3.102836	0.092877
5.801170e+00	3.103775	0.091002
5.794393e+00	3.104715	0.089075
5.787631e+00	3.105656	0.087093
5.780886e+00	3.106597	0.085052
5.774156e+00	3.107540	0.082948
5.767442e+00	3.108483	0.080775
5.760743e+00	3.109427	0.078528
5.754060e+00	3.110372	0.076200
5.747393e+00	3.111318	0.073783
5.740741e+00	3.112265	0.071268
5.734104e+00	3.113212	0.068644
5.727483e+00	3.114161	0.065897
5.720877e+00	3.115110	0.063011
5.714286e+00	3.116060	0.059964
5.707710e+00	3.117011	0.056729
5.701149e+00	3.117962	0.053270
5.694604e+00	3.118914	0.049533
5.688073e+00	3.119867	0.045441
5.681558e+00	3.120820	0.040861
5.675057e+00	3.121772	0.035528
5.668571e+00	3.122718	0.028545
5.662100e+00	3.118413	0.020770
5.655644e+00	3.116199	0.016057
5.649203e+00	3.114889	0.009085
5.642776e+00	3.104273	0.000000
5.636364e+00	3.096810	0.000000
5.629966e+00	3.091556	0.000000
5.623583e+00	3.087283	0.000000
5.617214e+00	3.083610	0.000000
5.610860e+00	3.080357	0.000000
5.604520e+00	3.077419	0.000000
5.598194e+00	3.074730	0.000000
5.591883e+00	3.072243	0.000000
5.585586e+00	3.069926	0.000000
5.579303e+00	3.067753	0.000000
5.573034e+00	3.065704	0.000000
5.566779e+00	3.063765	0.000000
5.560538e+00	3.061922	0.000000
5.554311e+00	3.060166	0.000000
5.548098e+00	3.058487	0.000000
5.541899e+00	3.056879	0.000000
5.535714e+00	3.055336	0.000000
5.529543e+00	3.053851	0.000000
5.523385e+00	3.052420	0.000000
5.517241e+00	3.051039	0.000000
5.511111e+00	3.049704	0.000000
5.504994e+00	3.048413	0.000000
5.498891e+00	3.047161	0.000000
5.492802e+00	3.045948	0.000000
5.486726e+00	3.044770	0.000000
5.480663e+00	3.043625	0.000000
5.474614e+00	3.042511	0.000000
5.468578e+00	3.041427	0.000000
5.462555e+00	3.040371	0.000000
5.456546e+00	3.039342	0.000000
5.450549e+00	3.038338	0.000000
5.444566e+00	3.037358	0.000000
5.438596e+00	3.036400	0.000000
5.432640e+00	3.035465	0.000000
5.426696e+00	3.034550	0.000000
5.420765e+00	3.033655	0.000000
5.414847e+00	3.032780	0.000000
5.408942e+00	3.031922	0.000000
5.403050e+00	3.031082	0.000000
5.397171e+00	3.030259	0.000000
5.391304e+00	3.029452	0.000000
5.385451e+00	3.028661	0.000000
5.379610e+00	3.027885	0.000000
5.373781e+00	3.027123	0.000000
5.367965e+00	3.026375	0.000000
5.362162e+00	3.025640	0.000000
5.356371e+00	3.024918	0.000000
5.350593e+00	3.024209	0.000000
5.344828e+00	3.023512	0.000000
5.339074e+00	3.022827	0.000000
5.333333e+00	3.022153	0.000000
5.327605e+00	3.021490	0.000000
5.321888e+00	3.020838	0.000000
5.316184e+00	3.020196	0.000000
5.310493e+00	3.019564	0.000000
5.304813e+00	3.018942	0.000000
5.299145e+00	3.018329	0.000000
5.293490e+00	3.017726	0.000000
5.287846e+00	3.017131	0.000000
5.282215e+00	3.016545	0.000000
5.276596e+00	3.015968	0.000000
5.270988e+00	3.015399	0.000000
5.265393e+00	3.014837	0.000000
5.259809e+00	3.014284	0.000000
5.254237e+00	3.013738	0.000000
5.248677e+00	3.013200	0.000000
5.243129e+00	3.012669	0.000000
5.237592e+00	3.012145	0.000000
5.232068e+00	3.011627	0.000000
5.226554e+00	3.011117	0.000000
5.221053e+00	3.010613	0.000000
5.215563e+00	3.010115	0.000000
5.210084e+00	3.009624	0.000000
5.204617e+00	3.009139	0.000000
5.199161e+00	3.008660	0.000000
5.193717e+00	3.008187	0.000000
5.188285e+00	3.007719	0.000000
5.182863e+00	3.007257	0.000000
5.177453e+00	3.006801	0.000000
5.172054e+00	3.006349	0.000000
5.166667e+00	3.005903	0.000000
5.161290e+00	3.005463	0.000000
5.155925e+00	3.005027	0.000000
5.150571e+00	3.004596	0.000000
5.145228e+00	3.004170	0.000000
5.139896e+00	3.003749	0.000000
5.134576e+00	3.003332	0.000000
5.129266e+00	3.002920	0.000000
5.123967e+00	3.002513	0.000000
5.118679e+00	3.002110	0.000000
5.113402e+00	3.001711	0.000000
5.108136e+00	3.001316	0.000000
5.102881e+00	3.000925	0.000000
5.097636e+00	3.000539	0.000000
5.092402e+00	3.000156	0.000000
5.087179e+00	2.999778	0.000000
5.081967e+00	2.999403	0.000000
5.076766e+00	2.999032	0.000000
5.071575e+00	2.998665	0.000000
5.066394e+00	2.998301	0.000000
5.061224e+00	2.997941	0.000000
5.056065e+00	2.997585	0.000000
5.050916e+00	2.997232	0.000000
5.045778e+00	2.996882	0.000000
5.040650e+00	2.996536	0.000000
5.035533e+00	2.996193	0.000000
5.030426e+00	2.995853	0.000000
5.025329e+00	2.995517	0.000000
5.020243e+00	2.995184	0.000000
5.015167e+00	2.994853	0.000000
5.010101e+00	2.994526	0.000000
5.005045e+00	2.994202	0.000000
5.000000e+00	2.993880	0.000000
4.994965e+00	2.993562	0.000000
4.989940e+00	2.993246	0.000000
4.984925e+00	2.992934	0.000000
4.979920e+00	2.992624	0.000000
4.974925e+00	2.992316	0.000000
4.969940e+00	2.992012	0.000000
4.964965e+00	2.991710	0.000000
4.960000e+00	2.991410	0.000000
4.955045e+00	2.991114	0.000000
4.950100e+00	2.990819	0.000000
4.945165e+00	2.990527	0.000000
4.940239e+00	2.990238	0.000000
4.935323e+00	2.989951	0.000000
4.930417e+00	2.989667	0.000000
4.925521e+00	2.989385	0.000000
4.920635e+00	2.989105	0.000000
4.915758e+00	2.988827	0.000000
4.910891e+00	2.988552	0.000000
4.906034e+00	2.988279	0.000000
4.901186e+00	2.988008	0.000000
4.896347e+00	2.987740	0.000000
4.891519e+00	2.987473	0.000000
4.886700e+00	2.987209	0.000000
4.881890e+00	2.986946	0.000000
4.877089e+00	2.986686	0.000000
4.872299e+00	2.986428	0.000000
4.867517e+00	2.986171	0.000000
4.862745e+00	2.985917	0.000000
4.857982e+00	2.985665	0.000000
4.853229e+00	2.985414	0.000000
4.848485e+00	2.985166	0.000000
4.843750e+00	2.984919	0.000000
4.839024e+00	2.984675	0.000000
4.834308e+00	2.984432	0.000000
4.829601e+00	2.984191	0.000000
4.824903e+00	2.983951	0.000000
4.820214e+00	2.983714	0.000000
4.815534e+00	2.983478	0.000000
4.810863e+00	2.983244	0.000000
4.806202e+00	2.983011	0.000000
4.801549e+00	2.982781	0.000000
4.796905e+00	2.982552	0.000000
4.792271e+00	2.982324	0.000000
4.787645e+00	2.982098	0.000000
4.783028e+00	2.981874	0.000000
4.778420e+00	2.981652	0.000000
4.773821e+00	2.981431	0.000000
4.769231e+00	2.981211	0.000000
4.764649e+00	2.980993	0.000000
4.760077e+00	2.980777	0.000000
4.755513e+00	2.980562	0.000000
4.750958e+00	2.980348	0.000000
4.746411e+00	2.980136	0.000000
4.741874e+00	2.979926	0.000000
4.737345e+00	2.979717	0.000000
4.732824e+00	2.979509	0.000000
4.728313e+00	2.979302	0.000000
4.723810e+00	2.979098	0.000000
4.719315e+00	2.978894	0.000000
4.714829e+00	2.978692	0.000000
4.710351e+00	2.978491	0.000000
4.705882e+00	2.978291	0.000000
4.701422e+00	2.978093	0.000000
4.696970e+00	2.977896	0.000000
4.692526e+00	2.977701	0.000000
4.688091e+00	2.977506	0.000000
4.683664e+00	2.977313	0.000000
4.679245e+00	2.977121	0.000000
4.674835e+00	2.976930	0.000000
4.670433e+00	2.976741	0.000000
4.666040e+00	2.976553	0.000000
4.661654e+00	2.976366	0.000000
4.657277e+00	2.976180	0.000000
4.652908e+00	2.975995	0.000000
4.648547e+00	2.975812	0.000000
4.644195e+00	2.975629	0.000000
4.639850e+00	2.975448	0.000000
4.635514e+00	2.975268	0.000000
4.631186e+00	2.975089	0.000000
4.626866e+00	2.974911	0.000000
4.622554e+00	2.974734	0.000000
4.618250e+00	2.974558	0.000000
4.613953e+00	2.974384	0.000000
4.609665e+00	2.974210	0.000000
4.605385e+00	2.974037	0.000000
4.601113e+00	2.973866	0.000000
4.596849e+00	2.973695	0.000000
4.592593e+00	2.973526	0.000000
4.588344e+00	2.973357	0.000000
4.584104e+00	2.973190	0.000000
4.579871e+00	2.973023	0.000000
4.575646e+00	2.972858	0.000000
4.571429e+00	2.972693	0.000000
4.567219e+00	2.972530	0.000000
4.563017e+00	2.972367	0.000000
4.558824e+00	2.972205	0.000000
4.554637e+00	2.972045	0.000000
4.550459e+00	2.971885	0.000000
4.546288e+00	2.971726	0.000000
4.542125e+00	2.971568	0.000000
4.537969e+00	2.971411	0.000000
4.533821e+00	2.971255	0.000000
4.529680e+00	2.971099	0.000000
4.525547e+00	2.970945	0.000000
4.521422e+00	2.970791	0.000000
4.517304e+00	2.970639	0.000000
4.513194e+00	2.970487	0.000000
4.509091e+00	2.970336	0.000000
4.504995e+00	2.970186	0.000000
4.500907e+00	2.970036	0.000000
4.496827e+00	2.969888	0.000000
4.492754e+00	2.969740	0.000000
4.488688e+00	2.969593	0.000000
4.484629e+00	2.969447	0.000000
4.480578e+00	2.969302	0.000000
4.476534e+00	2.969157	0.000000
4.472498e+00	2.969014	0.000000
4.468468e+00	2.968871	0.000000
4.464446e+00	2.968728	0.000000
4.460432e+00	2.968587	0.000000
4.456424e+00	2.968446	0.000000
4.452424e+00	2.968306	0.000000
4.448430e+00	2.968167	0.000000
4.444444e+00	2.968029	0.000000
4.440466e+00	2.967891	0.000000
4.436494e+00	2.967754	0.000000
4.432529e+00	2.967618	0.000000
4.428571e+00	2.967483	0.000000
4.424621e+00	2.967348	0.000000
4.420677e+00	2.967214	0.000000
4.416741e+00	2.967080	0.000000
4.412811e+00	2.966947	0.000000
4.408889e+00	2.966815	0.000000
4.404973e+00	2.966684	0.000000
4.401065e+00	2.966553	0.000000
4.397163e+00	2.966423	0.000000
4.393268e+00	2.966294	0.000000
4.389381e+00	2.966165	0.000000
4.385500e+00	2.966037	0.000000
4.381625e+00	2.965910	0.000000
4.377758e+00	2.965783	0.000000
4.373898e+00	2.965657	0.000000
4.370044e+00	2.965532	0.000000
4.366197e+00	2.965407	0.000000
4.362357e+00	2.965283	0.000000
4.358524e+00	2.965159	0.000000
4.354697e+00	2.965036	0.000000
4.350877e+00	2.964914	0.000000
4.347064e+00	2.964792	0.000000
4.343257e+00	2.964671	0.000000
4.339458e+00	2.964550	0.000000
4.335664e+00	2.964430	0.000000
4.331878e+00	2.964311	0.000000
4.328098e+00	2.964192	0.000000
4.324324e+00	2.964074	0.000000
4.320557e+00	2.963956	0.000000
4.316797e+00	2.963839	0.000000
4.313043e+00	2.963722	0.000000
4.309296e+00	2.963606	0.000000
4.305556e+00	2.963491	0.000000
4.301821e+00	2.963376	0.000000
4.298094e+00	2.963262	0.000000
4.294372e+00	2.963148	0.000000
4.290657e+00	2.963035	0.000000
4.286949e+00	2.962922	0.000000
4.283247e+00	2.962810	0.000000
4.279551e+00	2.962698	0.000000
4.275862e+00	2.962587	0.000000
4.272179e+00	2.962477	0.000000
4.268503e+00	2.962367	0.000000
4.264832e+00	2.962257	0.000000
4.261168e+00	2.962148	0.000000
4.257511e+00	2.962039	0.000000
4.253859e+00	2.961931	0.000000
4.250214e+00	2.961824	0.000000
4.246575e+00	2.961717	0.000000
4.242943e+00	2.961610	0.000000
4.239316e+00	2.961504	0.000000
4.235696e+00	2.961399	0.000000
4.232082e+00	2.961294	0.000000
4.228474e+00	2.961189	0.000000
4.224872e+00	2.961085	0.000000
4.221277e+00	2.960981	0.000000
4.217687e+00	2.960878	0.000000
4.214104e+00	2.960775	0.000000
4.210526e+00	2.960673	0.000000
4.206955e+00	2.960571	0.000000
4.203390e+00	2.960470	0.000000
4.199831e+00	2.960369	0.000000
4.196277e+00	2.960268	0.000000
4.192730e+00	2.960168	0.000000
4.189189e+00	2.960069	0.000000
4.185654e+00	2.959970	0.000000
4.182125e+00	2.959871	0.000000
4.178602e+00	2.959773	0.000000
4.175084e+00	2.959675	0.000000
4.171573e+00	2.959577	0.000000
4.168067e+00	2.959481	0.000000
4.164568e+00	2.959384	0.000000
4.161074e+00	2.959288	0.000000
4.157586e+00	2.959192	0.000000
4.154104e+00	2.959097	0.000000
4.150628e+00	2.959002	0.000000
4.147157e+00	2.958907	0.000000
4.143693e+00	2.958813	0.000000
4.140234e+00	2.958720	0.000000
4.136781e+00	2.958627	0.000000
4.133333e+00	2.958534	0.000000
4.129892e+00	2.958441	0.000000
4.126456e+00	2.958349	0.000000
4.123026e+00	2.958257	0.000000
4.119601e+00	2.958166	0.000000
4.116183e+00	2.958075	0.000000
4.112769e+00	2.957985	0.000000
4.109362e+00	2.957895	0.000000
4.105960e+00	2.957805	0.000000
4.102564e+00	2.957715	0.000000
4.099174e+00	2.957626	0.000000
4.095789e+00	2.957538	0.000000
4.092409e+00	2.957450	0.000000
4.089035e+00	2.957362	0.000000
4.085667e+00	2.957274	0.000000
4.082305e+00	2.957187	0.000000
4.078947e+00	2.957100	0.000000
4.075596e+00	2.957014	0.000000
4.072250e+00	2.956928	0.000000
4.068909e+00	2.956842	0.000000
4.065574e+00	2.956756	0.000000
4.062244e+00	2.956671	0.000000
4.058920e+00	2.956587	0.000000
4.055601e+00	2.956502	0.000000
4.052288e+00	2.956418	0.000000
4.048980e+00	2.956335	0.000000
4.045677e+00	2.956251	0.000000
4.042380e+00	2.956168	0.000000
4.039088e+00	2.956086	0.000000
4.035801e+00	2.956003	0.000000
4.032520e+00	2.955921	0.000000
4.029245e+00	2.955840	0.000000
4.025974e+00	2.955758	0.000000
4.022709e+00	2.955677	0.000000
4.019449e+00	2.955597	0.000000
4.016194e+00	2.955516	0.000000
4.012945e+00	2.955436	0.000000
4.009701e+00	2.955356	0.000000
4.006462e+00	2.955277	0.000000
4.003228e+00	2.955198	0.000000
4.000000e+00	2.955119	0.000000
3.996777e+00	2.955040	0.000000
3.993559e+00	2.954962	0.000000
3.990346e+00	2.954884	0.000000
3.987138e+00	2.954807	0.000000
3.983936e+00	2.954730	0.000000
3.980738e+00	2.954653	0.000000
3.977546e+00	2.954576	0.000000
3.974359e+00	2.954500	0.000000
3.971177e+00	2.954423	0.000000
3.968000e+00	2.954348	0.000000
3.964828e+00	2.954272	0.000000
3.961661e+00	2.954197	0.000000
3.958500e+00	2.954122	0.000000
3.955343e+00	2.954047	0.000000
3.952191e+00	2.953973	0.000000
3.949045e+00	2.953899	0.000000
3.945903e+00	2.953825	0.000000
3.942766e+00	2.953752	0.000000
3.939635e+00	2.953679	0.000000
3.936508e+00	2.953606	0.000000
3.933386e+00	2.953533	0.000000
3.930269e+00	2.953461	0.000000
3.927158e+00	2.953388	0.000000
3.924051e+00	2.953317	0.000000
3.920949e+00	2.953245	0.000000
3.917852e+00	2.953174	0.000000
3.914759e+00	2.953103	0.000000
3.911672e+00	2.953032	0.000000
3.908589e+00	2.952961	0.000000
3.905512e+00	2.952891	0.000000
3.902439e+00	2.952821	0.000000
3.899371e+00	2.952751	0.000000
3.896308e+00	2.952682	0.000000
3.893250e+00	2.952613	0.000000
3.890196e+00	2.952544	0.000000
3.887147e+00	2.952475	0.000000
3.884103e+00	2.952407	0.000000
3.881064e+00	2.952338	0.000000
3.878030e+00	2.952270	0.000000
3.875000e+00	2.952203	0.000000
3.871975e+00	2.952135	0.000000
3.868955e+00	2.952068	0.000000
3.865939e+00	2.952001	0.000000
3.862928e+00	2.951934	0.000000
3.859922e+00	2.951868	0.000000
3.856921e+00	2.951802	0.000000
3.853924e+00	2.951736	0.000000
3.850932e+00	2.951670	0.000000
3.847944e+00	2.951604	0.000000
3.844961e+00	2.951539	0.000000
3.841983e+00	2.951474	0.000000
3.839009e+00	2.951409	0.000000
3.836040e+00	2.951344	0.000000
3.833076e+00	2.951280	0.000000
3.830116e+00	2.951216	0.000000
3.827160e+00	2.951152	0.000000
3.824210e+00	2.951088	0.000000
3.821263e+00	2.951025	0.000000
3.818322e+00	2.950962	0.000000
3.815385e+00	2.950899	0.000000
3.812452e+00	2.950836	0.000000
3.809524e+00	2.950773	0.000000
3.806600e+00	2.950711	0.000000
3.803681e+00	2.950649	0.000000
3.800766e+00	2.950587	0.000000
3.797856e+00	2.950525	0.000000
3.794950e+00	2.950464	0.000000
3.792049e+00	2.950402	0.000000
3.789152e+00	2.950341	0.000000
3.786260e+00	2.950280	0.000000
3.783371e+00	2.950220	0.000000
3.780488e+00	2.950159	0.000000
3.777609e+00	2.950099	0.000000
3.774734e+00	2.950039	0.000000
3.771863e+00	2.949979	0.000000
3.768997e+00	2.949920	0.000000
3.766135e+00	2.949860	0.000000
3.763278e+00	2.949801	0.000000
3.760425e+00	2.949742	0.000000
3.757576e+00	2.949683	0.000000
3.754731e+00	2.949625	0.000000
3.751891e+00	2.949566	0.000000
3.749055e+00	2.949508	0.000000
3.746224e+00	2.949450	0.000000
3.743396e+00	2.949393	0.000000
3.740573e+00	2.949335	0.000000
3.737754e+00	2.949278	0.000000
3.734940e+00	2.949220	0.000000
3.732129e+00	2.949163	0.000000
3.729323e+00	2.949106	0.000000
3.726521e+00	2.949050	0.000000
3.723724e+00	2.948993	0.000000
3.720930e+00	2.948937	0.000000
3.718141e+00	2.948881	0.000000
3.715356e+00	2.948825	0.000000
3.712575e+00	2.948769	0.000000
3.709798e+00	2.948714	0.000000
3.707025e+00	2.948659	0.000000
3.704257e+00	2.948604	0.000000
3.701493e+00	2.948549	0.000000
3.698732e+00	2.948494	0.000000
3.695976e+00	2.948439	0.000000
3.693224e+00	2.948385	0.000000
3.690476e+00	2.948331	0.000000
3.687732e+00	2.948276	0.000000
3.684993e+00	2.948223	0.000000
3.682257e+00	2.948169	0.000000
3.679525e+00	2.948115	0.000000
3.676798e+00	2.948062	0.000000
3.674074e+00	2.948009	0.000000
3.671355e+00	2.947956	0.000000
3.668639e+00	2.947903	0.000000
3.665928e+00	2.947850	0.000000
3.663220e+00	2.947798	0.000000
3.660517e+00	2.947745	0.000000
3.657817e+00	2.947693	0.000000
3.655122e+00	2.947641	0.000000
3.652430e+00	2.947589	0.000000
3.649742e+00	2.947538	0.000000
3.647059e+00	2.947486	0.000000
3.644379e+00	2.947435	0.000000
3.641703e+00	2.947384	0.000000
3.639032e+00	2.947333	0.000000
3.636364e+00	2.947282	0.000000
3.633700e+00	2.947231	0.000000
3.631040e+00	2.947181	0.000000
3.628383e+00	2.947130	0.000000
3.625731e+00	2.947080	0.000000
3.623083e+00	2.947030	0.000000
3.620438e+00	2.946980	0.000000
3.617797e+00	2.946931	0.000000
3.615160e+00	2.946881	0.000000
3.612527e+00	2.946832	0.000000
3.609898e+00	2.946782	0.000000
3.607273e+00	2.946733	0.000000
3.604651e+00	2.946684	0.000000
3.602033e+00	2.946636	0.000000
3.599419e+00	2.946587	0.000000
3.596809e+00	2.946539	0.000000
3.594203e+00	2.946490	0.000000
3.591600e+00	2.946442	0.000000
3.589001e+00	2.946394	0.000000
3.586406e+00	2.946346	0.000000
3.583815e+00	2.946298	0.000000
3.581227e+00	2.946251	0.000000
3.578644e+00	2.946203	0.000000
3.576063e+00	2.946156	0.000000
3.573487e+00	2.946109	0.000000
3.570914e+00	2.946062	0.000000
3.568345e+00	2.946015	0.000000
3.565780e+00	2.945968	0.000000
3.563218e+00	2.945922	0.000000
3.560660e+00	2.945875	0.000000
3.558106e+00	2.945829	0.000000
3.555556e+00	2.945783	0.000000
3.553009e+00	2.945737	0.000000
3.550465e+00	2.945691	0.000000
3.547926e+00	2.945645	0.000000
3.545390e+00	2.945600	0.000000
3.542857e+00	2.945554	0.000000
3.540328e+00	2.945509	0.000000
3.537803e+00	2.945464	0.000000
3.535282e+00	2.945419	0.000000
3.532764e+00	2.945374	0.000000
3.530249e+00	2.945329	0.000000
3.527738e+00	2.945285	0.000000
3.525231e+00	2.945240	0.000000
3.522727e+00	2.945196	0.000000
3.520227e+00	2.945151	0.000000
3.517730e+00	2.945107	0.000000
3.515237e+00	2.945063	0.000000
3.512748e+00	2.945020	0.000000
3.510262e+00	2.944976	0.000000
3.507779e+00	2.944932	0.000000
3.505300e+00	2.944889	0.000000
3.502825e+00	2.944846	0.000000
3.500353e+00	2.944802	0.000000
3.497884e+00	2.944759	0.000000
3.495419e+00	2.944716	0.000000
3.492958e+00	2.944674	0.000000
3.490500e+00	2.944631	0.000000
3.488045e+00	2.944588	0.000000
3.485594e+00	2.944546	0.000000
3.483146e+00	2.944504	0.000000
3.480702e+00	2.944461	0.000000
3.478261e+00	2.944419	0.000000
3.475823e+00	2.944377	0.000000
3.473389e+00	2.944336	0.000000
3.470959e+00	2.944294	0.000000
3.468531e+00	2.944252	0.000000
3.466108e+00	2.944211	0.000000
3.463687e+00	2.944170	0.000000
3.461270e+00	2.944128	0.000000
3.458856e+00	2.944087	0.000000
3.456446e+00	2.944046	0.000000
3.454039e+00	2.944006	0.000000
3.451635e+00	2.943965	0.000000
3.449235e+00	2.943924	0.000000
3.446838e+00	2.943884	0.000000
3.444444e+00	2.943843	0.000000
3.442054e+00	2.943803	0.000000
3.439667e+00	2.943763	0.000000
3.437283e+00	2.943723	0.000000
3.434903e+00	2.943683	0.000000
3.432526e+00	2.943643	0.000000
3.430152e+00	2.943603	0.000000
3.427782e+00	2.943564	0.000000
3.425414e+00	2.943524	0.000000
3.423050e+00	2.943485	0.000000
3.420690e+00	2.943446	0.000000
3.418332e+00	2.943407	0.000000
3.415978e+00	2.943368	0.000000
3.413627e+00	2.943329	0.000000
3.411279e+00	2.943290	0.000000
3.408935e+00	2.943251	0.000000
3.406593e+00	2.943213	0.000000
3.404255e+00	2.943174	0.000000
3.401920e+00	2.943136	0.000000
3.399589e+00	2.943098	0.000000
3.397260e+00	2.943060	0.000000
3.394935e+00	2.943021	0.000000
3.392613e+00	2.942984	0.000000
3.390294e+00	2.942946	0.000000
3.387978e+00	2.942908	0.000000
3.385666e+00	2.942870	0.000000
3.383356e+00	2.942833	0.000000
3.381050e+00	2.942795	0.000000
3.378747e+00	2.942758	0.000000
3.376447e+00	2.942721	0.000000
3.374150e+00	2.942684	0.000000
3.371856e+00	2.942647	0.000000
3.369565e+00	2.942610	0.000000
3.367278e+00	2.942573	0.000000
3.364993e+00	2.942537	0.000000
3.362712e+00	2.942500	0.000000
3.360434e+00	2.942463	0.000000
3.358158e+00	2.942427	0.000000
3.355886e+00	2.942391	0.000000
3.353617e+00	2.942355	0.000000
3.351351e+00	2.942319	0.000000
3.349088e+00	2.942283	0.000000
3.346829e+00	2.942247	0.000000
3.344572e+00	2.942211	0.000000
3.342318e+00	2.942175	0.000000
3.340067e+00	2.942140	0.000000
3.337820e+00	2.942104	0.000000
3.335575e+00	2.942069	0.000000
3.333333e+00	2.942033	0.000000
3.331095e+00	2.941998	0.000000
3.328859e+00	2.941963	0.000000
3.326626e+00	2.941928	0.000000
3.324397e+00	2.941893	0.000000
3.322170e+00	2.941858	0.000000
3.319946e+00	2.941824	0.000000
3.317726e+00	2.941789	0.000000
3.315508e+00	2.941754	0.000000
3.313293e+00	2.941720	0.000000
3.311081e+00	2.941685	0.000000
3.308873e+00	2.941651	0.000000
3.306667e+00	2.941617	0.000000
3.304464e+00	2.941583	0.000000
3.302264e+00	2.941549	0.000000
3.300067e+00	2.941515	0.000000
3.297872e+00	2.941481	0.000000
3.295681e+00	2.941447	0.000000
3.293493e+00	2.941414	0.000000
3.291307e+00	2.941380	0.000000
3.289125e+00	2.941347	0.000000
3.286945e+00	2.941313	0.000000
3.284768e+00	2.941280	0.000000
3.282594e+00	2.941247	0.000000
3.280423e+00	2.941214	0.000000
3.278255e+00	2.941181	0.000000
3.276090e+00	2.941148	0.000000
3.273927e+00	2.941115	0.000000
3.271768e+00	2.941082	0.000000
3.269611e+00	2.941050	0.000000
3.267457e+00	2.941017	0.000000
3.265306e+00	2.940985	0.000000
3.263158e+00	2.940952	0.000000
3.261012e+00	2.940920	0.000000
3.258870e+00	2.940888	0.000000
3.256730e+00	2.940855	0.000000
3.254593e+00	2.940823	0.000000
3.252459e+00	2.940791	0.000000
3.250328e+00	2.940759	0.000000
3.248199e+00	2.940727	0.000000
3.246073e+00	2.940696	0.000000
3.243950e+00	2.940664	0.000000
3.241830e+00	2.940632	0.000000
3.239713e+00	2.940601	0.000000
3.237598e+00	2.940570	0.000000
3.235486e+00	2.940538	0.000000
3.233377e+00	2.940507	0.000000
3.231270e+00	2.940476	0.000000
3.229167e+00	2.940445	0.000000
3.227066e+00	2.940414	0.000000
3.224967e+00	2.940383	0.000000
3.222872e+00	2.940352	0.000000
3.220779e+00	2.940321	0.000000
3.218689e+00	2.940290	0.000000
3.216602e+00	2.940260	0.000000
3.214517e+00	2.940229	0.000000
3.212435e+00	2.940199	0.000000
3.210356e+00	2.940168	0.000000
3.208279e+00	2.940138	0.000000
3.206206e+00	2.940108	0.000000
3.204134e+00	2.940078	0.000000
3.202066e+00	2.940047	0.000000
3.200000e+00	2.940017	0.000000
3.197937e+00	2.939988	0.000000
3.195876e+00	2.939958	0.000000
3.193818e+00	2.939928	0.000000
3.191763e+00	2.939898	0.000000
3.189711e+00	2.939869	0.000000
3.187661e+00	2.939839	0.000000
3.185613e+00	2.939810	0.000000
3.183569e+00	2.939780	0.000000
3.181527e+00	2.939751	0.000000
3.179487e+00	2.939722	0.000000
3.177450e+00	2.939692	0.000000
3.175416e+00	2.939663	0.000000
3.173385e+00	2.939634	0.000000
3.171355e+00	2.939605	0.000000
3.169329e+00	2.939576	0.000000
3.167305e+00	2.939547	0.000000
3.165284e+00	2.939519	0.000000
3.163265e+00	2.939490	0.000000
3.161249e+00	2.939461	0.000000
3.159236e+00	2.939433	0.000000
3.157225e+00	2.939404	0.000000
3.155216e+00	2.939376	0.000000
3.153210e+00	2.939348	0.000000
3.151207e+00	2.939319	0.000000
3.149206e+00	2.939291	0.000000
3.147208e+00	2.939263	0.000000
3.145212e+00	2.939235	0.000000
3.143219e+00	2.939207	0.000000
3.141229e+00	2.939179	0.000000
3.139241e+00	2.939151	0.000000
3.137255e+00	2.939123	0.000000
3.135272e+00	2.939096	0.000000
3.133291e+00	2.939068	0.000000
3.131313e+00	2.939041	0.000000
3.129338e+00	2.939013	0.000000
3.127364e+00	2.938986	0.000000
3.125394e+00	2.938958	0.000000
3.123426e+00	2.938931	0.000000
3.121460e+00	2.938904	0.000000
3.119497e+00	2.938876	0.000000
3.117536e+00	2.938849	0.000000
3.115578e+00	2.938822	0.000000
3.113622e+00	2.938795	0.000000
3.111669e+00	2.938768	0.000000
3.109718e+00	2.938742	0.000000
3.107769e+00	2.938715	0.000000
3.105823e+00	2.938688	0.000000
3.103880e+00	2.938661	0.000000
3.101939e+00	2.938635	0.000000
3.100000e+00	2.938608	0.000000
3.098064e+00	2.938582	0.000000
3.096130e+00	2.938555	0.000000
3.094198e+00	2.938529	0.000000
