200	0.15562
200.2499895	0.154857
200.4999888	0.154084
200.7499955	0.1533
201.0000075	0.152507
201.2499897	0.151703
201.500005	0.150889
201.7499859	0.150064
201.9999954	0.149228
202.2499986	0.148381
202.4999931	0.147522
202.7500096	0.146652
203.0000128	0.14577
203.2500003	0.144877
203.5000031	0.143971
203.7499856	0.143052
204.0000125	0.142121
204.2500145	0.141177
204.4999893	0.140219
204.7500019	0.139248
205.0000165	0.138263
205.249997	0.137264
205.5000089	0.13625
205.7500161	0.135222
206.0000163	0.134178
206.2500073	0.133119
206.4999868	0.132043
206.7499869	0.130951
207.0000057	0.129843
207.2500064	0.128717
207.4999866	0.127573
207.7500137	0.126411
208.0000161	0.12523
208.2499914	0.12403
208.5000072	0.12281
208.7499916	0.121569
209.0000125	0.120307
209.2499974	0.119023
209.5000147	0.117716
209.7499915	0.116386
209.9999966	0.115032
210.2499923	0.113652
210.5000122	0.112247
210.7499827	0.110814
211.000009	0.109353
211.2500175	0.107863
211.5000058	0.106341
211.7500079	0.104788
211.9999856	0.103202
212.2500093	0.10158
212.5000043	0.099921
212.7500048	0.098224
213.0000089	0.096486
213.2500145	0.094704
213.4999827	0.092877
213.7499849	0.091002
213.9999824	0.089075
214.2500101	0.087093
214.4999919	0.085052
214.7499998	0.082948
214.9999948	0.080775
215.250012	0.078528
215.5000122	0.0762
215.7499931	0.073783
215.9999902	0.071268
216.2500017	0.068644
216.4999879	0.065897
216.7499843	0.063011
216.9999892	0.059964
217.2500004	0.056729
217.5000162	0.05327
217.7499963	0.049533
218.0000151	0.045441
218.2499941	0.040861
218.500008	0.035528
218.7500165	0.028545
219.0000177	0.02077
219.2500094	0.016057
219.4999896	0.009085
219.7499954	0
219.9999858	0
220.249998	0
220.4999908	0
220.7500017	0
220.9999893	0
221.2499911	0
221.5000052	0
221.7499901	0
221.9999835	0
222.2499836	0
222.4999883	0
222.749996	0
223.0000047	0
223.2500125	0
223.5000175	0
223.7500178	0
224.0000116	0
224.2499968	0
224.5000122	0
224.7500155	0
225.0000045	0
225.2500184	0
225.5000145	0
225.7499906	0
225.9999861	0
226.2499993	0
226.499987	0
226.7499888	0
227.0000027	0
227.2499856	0
227.5000188	0
227.7500172	0
228.0000206	0
228.2499853	0
228.4999934	0
228.7500012	0
229.0000068	0
229.2500086	0
229.5000046	0
229.7499931	0
230.0000148	0
230.2499828	0
230.4999805	0
230.7500064	0
231.0000158	0
231.250007	0
231.5000212	0
231.7500135	0
231.999982	0
232.2500119	0
232.5000145	0
232.749988	0
233.000018	0
233.2500154	0
233.4999783	0
233.7499927	0
234.0000132	0
234.2499939	0
234.5000214	0
234.7500054	0
234.9999886	0
235.2500138	0
235.4999902	0
235.7500054	0
236.0000129	0
236.2500112	0
236.4999984	0
236.7500179	0
236.9999778	0
237.2500121	0
237.4999832	0
237.7499802	0
238.0000015	0
238.25	0
238.5000195	0
238.7500128	0
238.9999778	0
239.2500053	0
239.5000013	0
239.7500103	0
239.9999845	0
240.250015	0
240.5000073	0
240.7500062	0
241.0000101	0
241.2500175	0
241.4999797	0
241.7499892	0
241.9999973	0
242.2500024	0
242.5000029	0
242.7499973	0
242.9999837	0
243.2500084	0
243.5000222	0
243.7500233	0
244.0000102	0
244.2499812	0
244.4999827	0
244.7500135	0
245.0000237	0
245.2500116	0
245.5000242	0
245.7500112	0
246.0000198	0
246.2499998	0
246.4999982	0
246.7500138	0
246.9999958	0
247.2499919	0
247.5000005	0
247.7500202	0
248	0
248.2499877	0
248.499982	0
248.7499812	0
248.9999839	0
249.2499887	0
249.499994	0
249.7499982	0
250	0
250.2499977	0
250.4999899	0
250.749975	0
251.0000022	0
251.2500195	0
251.5000253	0
251.7500179	0
251.9999959	0
252.2500091	0
252.5000046	0
252.7499809	0
252.9999882	0
253.250025	0
253.4999864	0
253.7499744	0
253.9999877	0
254.250025	0
254.4999804	0
254.7500091	0
255.0000051	0
255.2500195	0
255.499998	0
255.749992	0
256	0
256.2500207	0
256.4999996	0
256.7499882	0
256.9999853	0
257.2499893	0
257.499999	0
257.7500128	0
257.9999759	0
258.2499939	0
258.500012	0
258.7499747	0
258.9999885	0
259.2499981	0
259.5000021	0
259.749999	0
259.9999874	0
260.2500205	0
260.4999877	0
260.7499969	0
260.999992	0
261.2500266	0
261.4999892	0
261.7499887	0
262.0000237	0
262.2499822	0
262.4999735	0
262.7499966	0
262.9999943	0
263.2500211	0
263.5000198	0
263.7499888	0
263.999983	0
264.250001	0
264.4999852	0
264.7499906	0
265.000016	0
265.2500035	0
265.5000082	0
265.7499721	0
266.0000077	0
266.2499997	0
266.5000039	0
266.7500189	0
266.999986	0
267.2500189	0
267.5000011	0
267.7499889	0
267.999981	0
268.2499761	0
268.4999729	0
268.7500284	0
269.0000249	0
269.2500193	0
269.5000101	0
269.7499961	0
269.999976	0
270.2500074	0
270.4999712	0
270.749984	0
270.9999856	0
271.2499746	0
271.5000091	0
271.7500285	0
271.9999719	0
272.2500169	0
272.499983	0
272.7499886	0
272.9999725	0
273.2499936	0
273.4999904	0
273.7500221	0
274.000027	0
274.2500036	0
274.5000115	0
274.7499886	0
274.9999945	0
275.250028	0
275.500027	0
275.7499899	0
275.9999769	0
276.2499866	0
276.5000182	0
276.7500086	0
277.0000183	0
277.2499842	0
277.5000291	0
277.7500277	0
277.9999785	0
278.2500049	0
278.4999811	0
278.7500309	0
279.0000279	0
279.2499706	0
279.4999835	0
279.7500028	0
280.0000271	0
280.249992	0
280.500023	0
280.7499919	0
281.0000247	0
281.2499929	0
281.5000228	0
281.7499855	0
282.0000077	0
282.2500244	0
282.4999698	0
282.7499715	0
283.0000285	0
283.2500106	0
283.499981	0
283.7500034	0
284.0000119	0
284.2500052	0
284.4999821	0
284.7500067	0
285.0000126	0
285.2499986	0
285.5000291	0
285.7499715	0
286.0000221	0
286.2499821	0
286.4999822	0
286.7500215	0
287.0000326	0
287.2500143	0
287.5000319	0
287.7500176	0
287.9999703	0
288.2500225	0
288.4999723	0
288.7500198	0
289.0000296	0
289.2500004	0
289.4999985	0
289.7500228	0
290.0000047	0
290.2500106	0
290.4999715	0
290.7500225	0
291.0000263	0
291.2499815	0
291.5000239	0
291.7500154	0
292.0000235	0
292.2499784	0
292.5000165	0
292.7499991	0
292.9999939	0
293.2499999	0
293.5000161	0
293.7499719	0
294.0000052	0
294.2499758	0
294.5000221	0
294.7500033	0
294.9999881	0
295.2499755	0
295.5000349	0
295.7500244	0
296.0000134	0
296.2500006	0
296.4999851	0
296.7499657	0
297.0000125	0
297.2499822	0
297.5000162	0
297.7499707	0
297.9999875	0
298.2499941	0
298.4999894	0
298.7499723	0
299.0000137	0
299.2499686	0
299.49998	0
299.7499747	0
300.0000242	0
300.2499823	0
300.4999932	0
300.7499831	0
301.000024	0
301.2499687	0
301.5000356	0
301.750004	0
302.0000195	0
302.2500076	0
302.4999671	0
302.7499708	0
303.0000178	0
303.2500333	0
303.500016	0
303.7499648	0
304.0000275	0
304.2499796	0
304.4999693	0
304.7499956	0
304.9999828	0
305.2500047	0
305.4999852	0
305.7499986	0
305.9999684	0
306.2499691	0
306.4999999	0
306.7499839	0
306.999996	0
307.2500354	0
307.5000248	0
307.7499631	0
308.000002	0
308.2499878	0
308.4999959	0
308.7500255	0
308.9999988	0
309.2499915	0
309.5000027	0
309.7500317	0
310	0
310.2499839	0
310.4999826	0
310.7499951	0
311.0000206	0
311.2499799	0
311.5000284	0
311.7500087	0
311.999998	0
312.2499954	0
312.5	0
312.7500108	0
313.000027	0
313.2499684	0
313.4999923	0
313.7500187	0
313.9999671	0
314.2499955	0
314.5000236	0
314.7499705	0
314.9999949	0
315.2500161	0
315.5000332	0
315.7499647	0
315.9999704	0
316.2499691	0
316.4999597	0
316.7500222	0
316.9999939	0
317.2500358	0
317.4999846	0
317.750002	0
318.0000056	0
318.2499946	0
318.4999679	0
318.7500064	0
319.0000275	0
319.2500302	0
319.5000134	0
319.7499761	0
320	0
320.2500016	0
320.49998	0
320.750017	0
321.000029	0
321.2500149	0
321.4999737	0
321.7499878	0
321.999973	0
322.250012	0
322.5000202	0
322.7499966	0
323.0000242	0
323.2500182	0
323.4999776	0
323.7499856	0
324.0000418	0
324.2499758	0
324.500041	0
324.7499818	0
324.9999672	0
325.2499966	0
325.4999837	0
325.7500131	0
325.9999984	0
326.2500243	0
326.5000042	0
326.7500231	0
326.9999939	0
327.2500021	0
327.4999604	0
327.7500409	0
327.9999831	0
328.2499592	0
328.4999685	0
328.7500103	0
328.9999966	0
329.2500136	0
329.4999732	0
329.7499618	0
329.9999787	0
330.2500232	0
330.5000065	0
330.7500157	0
330.9999616	0
331.25002	0
331.5000135	0
331.7500296	0
331.9999786	0
332.2500374	0
332.5000275	0
332.7500368	0
332.9999753	0
333.2500208	0
333.4999937	0
333.7499825	0
333.9999865	0
334.250005	0
334.5000371	0
334.7499917	0
334.9999581	0
335.2500262	0
335.5000141	0
335.7500114	0
336.0000173	0
336.2500312	0
336.4999608	0
336.7499878	0
337.0000204	0
337.2499659	0
337.5000068	0
337.7499588	0
338.0000049	0
338.2499602	0
338.5000082	0
338.7499635	0
339.0000101	0
339.2499621	0
339.5000041	0
339.7500426	0
339.9999835	0
340.2500124	0
340.5000353	0
340.7499577	0
340.9999659	0
341.2499656	0
341.4999559	0
341.7500302	0
341.9999994	0
342.2499567	0
342.4999959	0
342.7500216	0
343.0000332	0
343.2500297	0
343.5000102	0
343.749974	0
344.0000155	0
344.2500388	0
344.5000429	0
344.750027	0
344.9999903	0
345.2500278	0
345.500043	0
345.750035	0
346.0000028	0
346.2500422	0
346.4999592	0
346.7500433	0
347.0000031	0
347.2500318	0
347.5000315	0
347.7500014	0
348.0000382	0
348.2500435	0
348.5000166	0
348.7499564	0
348.9999603	0
349.2500278	0
349.4999614	0
349.749957	0
350.0000141	0
350.2500333	0
350.5000137	0
350.7499543	0
350.9999536	0
351.250011	0
351.5000264	0
351.7499988	0
352.0000273	0
352.2500111	0
352.5000497	0
352.7500422	0
352.9999875	0
353.2499853	0
353.5000352	0
353.7500357	0
353.9999857	0
354.2499856	0
354.5000349	0
354.7500314	0
354.9999742	0
355.2499642	0
355.5000007	0
355.7499812	0
356.0000069	0
356.2499749	0
356.4999866	0
356.7500416	0
357.0000366	0
357.2499704	0
357.5000483	0
357.7499605	0
358.0000156	0
358.2500065	0
358.5000359	0
358.7499993	0
358.9999997	0
359.2500366	0
359.5000051	0
359.7500086	0
360.0000465	0
360.2500135	0
360.5000135	0
360.7500459	0
361.0000049	0
361.2499949	0
361.5000152	0
361.7499596	0
362.0000385	0
362.2500402	0
362.4999635	0
362.7500196	0
362.9999959	0
363.2499977	0
363.5000245	0
363.7499688	0
364.0000434	0
364.2500341	0
364.500047	0
364.7499742	0
365.0000294	0
365.2499974	0
365.4999848	0
365.749991	0
366.0000153	0
366.249949	0
366.5000077	0
366.7499741	0
366.9999559	0
367.2499524	0
367.499963	0
367.749987	0
368.0000237	0
368.2499633	0
368.5000236	0
368.7499851	0
368.9999566	0
369.2500472	0
369.5000367	0
369.7500341	0
370.0000388	0
370.2500502	0
370.4999568	0
370.7499794	0
371.0000066	0
371.2500378	0
371.4999611	0
371.7499981	0
372.0000372	0
372.2499659	0
372.5000068	0
372.7500476	0
372.9999756	0
373.2500143	0
373.5000509	0
373.7499721	0
374.0000024	0
374.2500286	0
374.50005	0
374.7499526	0
374.9999622	0
375.2499649	0
375.49996	0
375.7499469	0
376.0000388	0
376.2500072	0
376.4999652	0
376.7500267	0
376.999962	0
377.2499996	0
377.5000244	0
377.7500355	0
378.0000323	0
378.2500141	0
378.4999802	0
378.7500454	0
378.999978	0
379.2500086	0
379.500021	0
379.7500142	0
379.9999877	0
380.2500573	0
380.4999893	0
380.7500161	0
381.0000206	0
381.2500019	0
381.4999594	0
381.7500098	0
382.0000351	0
382.2500347	0
382.5000077	0
382.7499535	0
382.9999895	0
383.2499971	0
383.4999754	0
383.7500426	0
383.9999604	0
384.2499658	0
384.5000585	0
384.7499994	0
385.0000264	0
385.2500195	0
385.4999779	0
385.7500209	0
386.000028	0
386.2499984	0
386.5000519	0
386.7499468	0
387.0000443	0
387.2499817	0
387.5	0
387.7499776	0
388.000035	0
388.2500506	0
388.5000233	0
388.7499526	0
388.9999595	0
389.2500439	0
389.4999606	0
389.7499534	0
390.000022	0
390.2500433	0
390.5000164	0
390.7499405	0
391.0000615	0
391.2500091	0
391.5000292	0
391.7499978	0
392.0000379	0
392.2500252	0
392.4999589	0
392.7499624	0
393.0000355	0
393.2500531	0
393.5000144	0
393.7500437	0
394.0000153	0
394.2500537	0
394.5000332	0
394.749953	0
394.9999379	0
395.2499876	0
395.4999758	0
395.7500277	0
396.0000166	0
396.2499417	0
396.5000556	0
396.7499778	0
396.9999609	0
397.2500048	0
397.4999816	0
397.750018	0
397.9999859	0
398.2500124	0
398.499969	0
398.7499831	0
399.0000544	0
399.2500539	0
399.4999807	0
399.7499628	0
400	0
400.2499626	0
400.499979	0
400.750049	0
