6.200000e+00	3.094820	0.158177
6.192260e+00	3.096101	0.156271
6.184539e+00	3.097383	0.154330
6.176837e+00	3.098667	0.152350
6.169154e+00	3.099951	0.150332
6.161491e+00	3.101237	0.148274
6.153846e+00	3.102523	0.146173
6.146221e+00	3.103811	0.144028
6.138614e+00	3.105100	0.141837
6.131026e+00	3.106390	0.139597
6.123457e+00	3.107681	0.137306
6.115906e+00	3.108973	0.134963
6.108374e+00	3.110266	0.132562
6.100861e+00	3.111560	0.130103
6.093366e+00	3.112855	0.127580
6.085890e+00	3.114151	0.124991
6.078431e+00	3.115449	0.122330
6.070991e+00	3.116747	0.119593
6.063570e+00	3.118046	0.116775
6.056166e+00	3.119347	0.113870
6.048780e+00	3.120648	0.110870
6.041413e+00	3.121951	0.107767
6.034063e+00	3.123254	0.104553
6.026731e+00	3.124559	0.101216
6.019417e+00	3.125864	0.097743
6.012121e+00	3.127171	0.094120
6.004843e+00	3.128478	0.090327
5.997582e+00	3.129787	0.086341
5.990338e+00	3.131096	0.082133
5.983112e+00	3.132406	0.077666
5.975904e+00	3.133717	0.072887
5.968712e+00	3.135029	0.067727
5.961538e+00	3.136341	0.062077
5.954382e+00	3.137653	0.055761
5.947242e+00	3.138964	0.048430
5.940120e+00	3.140267	0.039017
5.933014e+00	3.134897	0.027497
5.925926e+00	3.131650	0.020678
5.918854e+00	3.129791	0.009759
5.911800e+00	3.113019	0.000000
5.904762e+00	3.103539	0.000000
5.897741e+00	3.096577	0.000000
5.890736e+00	3.090843	0.000000
5.883749e+00	3.085884	0.000000
5.876777e+00	3.081477	0.000000
5.869822e+00	3.077487	0.000000
5.862884e+00	3.073830	0.000000
5.855962e+00	3.070444	0.000000
5.849057e+00	3.067286	0.000000
5.842167e+00	3.064322	0.000000
5.835294e+00	3.061527	0.000000
5.828437e+00	3.058880	0.000000
5.821596e+00	3.056365	0.000000
5.814771e+00	3.053966	0.000000
5.807963e+00	3.051673	0.000000
5.801170e+00	3.049476	0.000000
5.794393e+00	3.047367	0.000000
5.787631e+00	3.045338	0.000000
5.780886e+00	3.043382	0.000000
5.774156e+00	3.041494	0.000000
5.767442e+00	3.039670	0.000000
5.760743e+00	3.037905	0.000000
5.754060e+00	3.036194	0.000000
5.747393e+00	3.034536	0.000000
5.740741e+00	3.032925	0.000000
5.734104e+00	3.031360	0.000000
5.727483e+00	3.029837	0.000000
5.720877e+00	3.028356	0.000000
5.714286e+00	3.026912	0.000000
5.707710e+00	3.025505	0.000000
5.701149e+00	3.024132	0.000000
5.694604e+00	3.022793	0.000000
5.688073e+00	3.021484	0.000000
5.681558e+00	3.020206	0.000000
5.675057e+00	3.018955	0.000000
5.668571e+00	3.017733	0.000000
5.662100e+00	3.016536	0.000000
5.655644e+00	3.015364	0.000000
5.649203e+00	3.014216	0.000000
5.642776e+00	3.013091	0.000000
5.636364e+00	3.011989	0.000000
5.629966e+00	3.010907	0.000000
5.623583e+00	3.009847	0.000000
5.617214e+00	3.008806	0.000000
5.610860e+00	3.007784	0.000000
5.604520e+00	3.006780	0.000000
5.598194e+00	3.005794	0.000000
5.591883e+00	3.004826	0.000000
5.585586e+00	3.003874	0.000000
5.579303e+00	3.002938	0.000000
5.573034e+00	3.002017	0.000000
5.566779e+00	3.001112	0.000000
5.560538e+00	3.000221	0.000000
5.554311e+00	2.999345	0.000000
5.548098e+00	2.998482	0.000000
5.541899e+00	2.997633	0.000000
5.535714e+00	2.996796	0.000000
5.529543e+00	2.995972	0.000000
5.523385e+00	2.995161	0.000000
5.517241e+00	2.994361	0.000000
5.511111e+00	2.993573	0.000000
5.504994e+00	2.992796	0.000000
5.498891e+00	2.992030	0.000000
5.492802e+00	2.991275	0.000000
5.486726e+00	2.990530	0.000000
5.480663e+00	2.989796	0.000000
5.474614e+00	2.989071	0.000000
5.468578e+00	2.988356	0.000000
5.462555e+00	2.987650	0.000000
5.456546e+00	2.986954	0.000000
5.450549e+00	2.986267	0.000000
5.444566e+00	2.985588	0.000000
5.438596e+00	2.984918	0.000000
5.432640e+00	2.984256	0.000000
5.426696e+00	2.983603	0.000000
5.420765e+00	2.982958	0.000000
5.414847e+00	2.982320	0.000000
5.408942e+00	2.981690	0.000000
5.403050e+00	2.981068	0.000000
5.397171e+00	2.980453	0.000000
5.391304e+00	2.979845	0.000000
5.385451e+00	2.979244	0.000000
5.379610e+00	2.978650	0.000000
5.373781e+00	2.978063	0.000000
5.367965e+00	2.977483	0.000000
5.362162e+00	2.976909	0.000000
5.356371e+00	2.976341	0.000000
5.350593e+00	2.975780	0.000000
5.344828e+00	2.975224	0.000000
5.339074e+00	2.974675	0.000000
5.333333e+00	2.974132	0.000000
5.327605e+00	2.973594	0.000000
5.321888e+00	2.973062	0.000000
5.316184e+00	2.972536	0.000000
5.310493e+00	2.972015	0.000000
5.304813e+00	2.971499	0.000000
5.299145e+00	2.970989	0.000000
5.293490e+00	2.970484	0.000000
5.287846e+00	2.969984	0.000000
5.282215e+00	2.969489	0.000000
5.276596e+00	2.968999	0.000000
5.270988e+00	2.968514	0.000000
5.265393e+00	2.968033	0.000000
5.259809e+00	2.967557	0.000000
5.254237e+00	2.967086	0.000000
5.248677e+00	2.966619	0.000000
5.243129e+00	2.966157	0.000000
5.237592e+00	2.965699	0.000000
5.232068e+00	2.965245	0.000000
5.226554e+00	2.964796	0.000000
5.221053e+00	2.964351	0.000000
5.215563e+00	2.963909	0.000000
5.210084e+00	2.963472	0.000000
5.204617e+00	2.963039	0.000000
5.199161e+00	2.962610	0.000000
5.193717e+00	2.962185	0.000000
5.188285e+00	2.961763	0.000000
5.182863e+00	2.961345	0.000000
5.177453e+00	2.960931	0.000000
5.172054e+00	2.960520	0.000000
5.166667e+00	2.960113	0.000000
5.161290e+00	2.959710	0.000000
5.155925e+00	2.959310	0.000000
5.150571e+00	2.958913	0.000000
5.145228e+00	2.958520	0.000000
5.139896e+00	2.958130	0.000000
5.134576e+00	2.957743	0.000000
5.129266e+00	2.957360	0.000000
5.123967e+00	2.956980	0.000000
5.118679e+00	2.956602	0.000000
5.113402e+00	2.956228	0.000000
5.108136e+00	2.955857	0.000000
5.102881e+00	2.955489	0.000000
5.097636e+00	2.955124	0.000000
5.092402e+00	2.954762	0.000000
5.087179e+00	2.954403	0.000000
5.081967e+00	2.954047	0.000000
5.076766e+00	2.953693	0.000000
5.071575e+00	2.953343	0.000000
5.066394e+00	2.952995	0.000000
5.061224e+00	2.952649	0.000000
5.056065e+00	2.952307	0.000000
5.050916e+00	2.951967	0.000000
5.045778e+00	2.951629	0.000000
5.040650e+00	2.951295	0.000000
5.035533e+00	2.950962	0.000000
5.030426e+00	2.950633	0.000000
5.025329e+00	2.950305	0.000000
5.020243e+00	2.949980	0.000000
5.015167e+00	2.949658	0.000000
5.010101e+00	2.949338	0.000000
5.005045e+00	2.949020	0.000000
5.000000e+00	2.948705	0.000000
4.994965e+00	2.948392	0.000000
4.989940e+00	2.948081	0.000000
4.984925e+00	2.947772	0.000000
4.979920e+00	2.947466	0.000000
4.974925e+00	2.947162	0.000000
4.969940e+00	2.946860	0.000000
4.964965e+00	2.946560	0.000000
4.960000e+00	2.946263	0.000000
4.955045e+00	2.945967	0.000000
4.950100e+00	2.945673	0.000000
4.945165e+00	2.945382	0.000000
4.940239e+00	2.945092	0.000000
4.935323e+00	2.944805	0.000000
4.930417e+00	2.944519	0.000000
4.925521e+00	2.944236	0.000000
4.920635e+00	2.943954	0.000000
4.915758e+00	2.943675	0.000000
4.910891e+00	2.943397	0.000000
4.906034e+00	2.943121	0.000000
4.901186e+00	2.942847	0.000000
4.896347e+00	2.942575	0.000000
4.891519e+00	2.942304	0.000000
4.886700e+00	2.942035	0.000000
4.881890e+00	2.941769	0.000000
4.877089e+00	2.941503	0.000000
4.872299e+00	2.941240	0.000000
4.867517e+00	2.940978	0.000000
4.862745e+00	2.940718	0.000000
4.857982e+00	2.940460	0.000000
4.853229e+00	2.940204	0.000000
4.848485e+00	2.939949	0.000000
4.843750e+00	2.939695	0.000000
4.839024e+00	2.939444	0.000000
4.834308e+00	2.939193	0.000000
4.829601e+00	2.938945	0.000000
4.824903e+00	2.938698	0.000000
4.820214e+00	2.938452	0.000000
4.815534e+00	2.938208	0.000000
4.810863e+00	2.937966	0.000000
4.806202e+00	2.937725	0.000000
4.801549e+00	2.937486	0.000000
4.796905e+00	2.937248	0.000000
4.792271e+00	2.937011	0.000000
4.787645e+00	2.936776	0.000000
4.783028e+00	2.936543	0.000000
4.778420e+00	2.936311	0.000000
4.773821e+00	2.936080	0.000000
4.769231e+00	2.935851	0.000000
4.764649e+00	2.935623	0.000000
4.760077e+00	2.935396	0.000000
4.755513e+00	2.935171	0.000000
4.750958e+00	2.934947	0.000000
4.746411e+00	2.934724	0.000000
4.741874e+00	2.934503	0.000000
4.737345e+00	2.934283	0.000000
4.732824e+00	2.934064	0.000000
4.728313e+00	2.933847	0.000000
4.723810e+00	2.933630	0.000000
4.719315e+00	2.933415	0.000000
4.714829e+00	2.933202	0.000000
4.710351e+00	2.932989	0.000000
4.705882e+00	2.932778	0.000000
4.701422e+00	2.932568	0.000000
4.696970e+00	2.932359	0.000000
4.692526e+00	2.932152	0.000000
4.688091e+00	2.931945	0.000000
4.683664e+00	2.931740	0.000000
4.679245e+00	2.931536	0.000000
4.674835e+00	2.931333	0.000000
4.670433e+00	2.931131	0.000000
4.666040e+00	2.930930	0.000000
4.661654e+00	2.930731	0.000000
4.657277e+00	2.930532	0.000000
4.652908e+00	2.930335	0.000000
4.648547e+00	2.930138	0.000000
4.644195e+00	2.929943	0.000000
4.639850e+00	2.929749	0.000000
4.635514e+00	2.929556	0.000000
4.631186e+00	2.929364	0.000000
4.626866e+00	2.929173	0.000000
4.622554e+00	2.928983	0.000000
4.618250e+00	2.928794	0.000000
4.613953e+00	2.928606	0.000000
4.609665e+00	2.928419	0.000000
4.605385e+00	2.928233	0.000000
4.601113e+00	2.928048	0.000000
4.596849e+00	2.927864	0.000000
4.592593e+00	2.927681	0.000000
4.588344e+00	2.927499	0.000000
4.584104e+00	2.927318	0.000000
4.579871e+00	2.927138	0.000000
4.575646e+00	2.926958	0.000000
4.571429e+00	2.926780	0.000000
4.567219e+00	2.926603	0.000000
4.563017e+00	2.926427	0.000000
4.558824e+00	2.926251	0.000000
4.554637e+00	2.926076	0.000000
4.550459e+00	2.925903	0.000000
4.546288e+00	2.925730	0.000000
4.542125e+00	2.925558	0.000000
4.537969e+00	2.925387	0.000000
4.533821e+00	2.925217	0.000000
4.529680e+00	2.925048	0.000000
4.525547e+00	2.924879	0.000000
4.521422e+00	2.924711	0.000000
4.517304e+00	2.924545	0.000000
4.513194e+00	2.924379	0.000000
4.509091e+00	2.924214	0.000000
4.504995e+00	2.924049	0.000000
4.500907e+00	2.923886	0.000000
4.496827e+00	2.923723	0.000000
4.492754e+00	2.923562	0.000000
4.488688e+00	2.923400	0.000000
4.484629e+00	2.923240	0.000000
4.480578e+00	2.923081	0.000000
4.476534e+00	2.922922	0.000000
4.472498e+00	2.922764	0.000000
4.468468e+00	2.922607	0.000000
4.464446e+00	2.922451	0.000000
4.460432e+00	2.922295	0.000000
4.456424e+00	2.922140	0.000000
4.452424e+00	2.921986	0.000000
4.448430e+00	2.921833	0.000000
4.444444e+00	2.921680	0.000000
4.440466e+00	2.921528	0.000000
4.436494e+00	2.921377	0.000000
4.432529e+00	2.921227	0.000000
4.428571e+00	2.921077	0.000000
4.424621e+00	2.920928	0.000000
4.420677e+00	2.920780	0.000000
4.416741e+00	2.920632	0.000000
4.412811e+00	2.920485	0.000000
4.408889e+00	2.920339	0.000000
4.404973e+00	2.920193	0.000000
4.401065e+00	2.920048	0.000000
4.397163e+00	2.919904	0.000000
4.393268e+00	2.919761	0.000000
4.389381e+00	2.919618	0.000000
4.385500e+00	2.919475	0.000000
4.381625e+00	2.919334	0.000000
4.377758e+00	2.919193	0.000000
4.373898e+00	2.919053	0.000000
4.370044e+00	2.918913	0.000000
4.366197e+00	2.918774	0.000000
4.362357e+00	2.918636	0.000000
4.358524e+00	2.918498	0.000000
4.354697e+00	2.918361	0.000000
4.350877e+00	2.918224	0.000000
4.347064e+00	2.918089	0.000000
4.343257e+00	2.917953	0.000000
4.339458e+00	2.917819	0.000000
4.335664e+00	2.917685	0.000000
4.331878e+00	2.917551	0.000000
4.328098e+00	2.917418	0.000000
4.324324e+00	2.917286	0.000000
4.320557e+00	2.917154	0.000000
4.316797e+00	2.917023	0.000000
4.313043e+00	2.916893	0.000000
4.309296e+00	2.916763	0.000000
4.305556e+00	2.916634	0.000000
4.301821e+00	2.916505	0.000000
4.298094e+00	2.916377	0.000000
4.294372e+00	2.916249	0.000000
4.290657e+00	2.916122	0.000000
4.286949e+00	2.915995	0.000000
4.283247e+00	2.915869	0.000000
4.279551e+00	2.915744	0.000000
4.275862e+00	2.915619	0.000000
4.272179e+00	2.915494	0.000000
4.268503e+00	2.915371	0.000000
4.264832e+00	2.915247	0.000000
4.261168e+00	2.915125	0.000000
4.257511e+00	2.915002	0.000000
4.253859e+00	2.914881	0.000000
4.250214e+00	2.914759	0.000000
4.246575e+00	2.914639	0.000000
4.242943e+00	2.914518	0.000000
4.239316e+00	2.914399	0.000000
4.235696e+00	2.914280	0.000000
4.232082e+00	2.914161	0.000000
4.228474e+00	2.914043	0.000000
4.224872e+00	2.913925	0.000000
4.221277e+00	2.913808	0.000000
4.217687e+00	2.913691	0.000000
4.214104e+00	2.913575	0.000000
4.210526e+00	2.913459	0.000000
4.206955e+00	2.913344	0.000000
4.203390e+00	2.913229	0.000000
4.199831e+00	2.913115	0.000000
4.196277e+00	2.913001	0.000000
4.192730e+00	2.912888	0.000000
4.189189e+00	2.912775	0.000000
4.185654e+00	2.912662	0.000000
4.182125e+00	2.912550	0.000000
4.178602e+00	2.912439	0.000000
4.175084e+00	2.912328	0.000000
4.171573e+00	2.912217	0.000000
4.168067e+00	2.912107	0.000000
4.164568e+00	2.911997	0.000000
4.161074e+00	2.911888	0.000000
4.157586e+00	2.911779	0.000000
4.154104e+00	2.911671	0.000000
4.150628e+00	2.911563	0.000000
4.147157e+00	2.911455	0.000000
4.143693e+00	2.911348	0.000000
4.140234e+00	2.911242	0.000000
4.136781e+00	2.911135	0.000000
4.133333e+00	2.911029	0.000000
4.129892e+00	2.910924	0.000000
4.126456e+00	2.910819	0.000000
4.123026e+00	2.910715	0.000000
4.119601e+00	2.910610	0.000000
4.116183e+00	2.910507	0.000000
4.112769e+00	2.910403	0.000000
4.109362e+00	2.910300	0.000000
4.105960e+00	2.910198	0.000000
4.102564e+00	2.910096	0.000000
4.099174e+00	2.909994	0.000000
4.095789e+00	2.909893	0.000000
4.092409e+00	2.909792	0.000000
4.089035e+00	2.909691	0.000000
4.085667e+00	2.909591	0.000000
4.082305e+00	2.909491	0.000000
4.078947e+00	2.909392	0.000000
4.075596e+00	2.909293	0.000000
4.072250e+00	2.909194	0.000000
4.068909e+00	2.909096	0.000000
4.065574e+00	2.908998	0.000000
4.062244e+00	2.908901	0.000000
4.058920e+00	2.908803	0.000000
4.055601e+00	2.908707	0.000000
4.052288e+00	2.908610	0.000000
4.048980e+00	2.908514	0.000000
4.045677e+00	2.908419	0.000000
4.042380e+00	2.908323	0.000000
4.039088e+00	2.908228	0.000000
4.035801e+00	2.908134	0.000000
4.032520e+00	2.908040	0.000000
4.029245e+00	2.907946	0.000000
4.025974e+00	2.907852	0.000000
4.022709e+00	2.907759	0.000000
4.019449e+00	2.907666	0.000000
4.016194e+00	2.907574	0.000000
4.012945e+00	2.907482	0.000000
4.009701e+00	2.907390	0.000000
4.006462e+00	2.907298	0.000000
4.003228e+00	2.907207	0.000000
4.000000e+00	2.907117	0.000000
3.996777e+00	2.907026	0.000000
3.993559e+00	2.906936	0.000000
3.990346e+00	2.906846	0.000000
3.987138e+00	2.906757	0.000000
3.983936e+00	2.906668	0.000000
3.980738e+00	2.906579	0.000000
3.977546e+00	2.906490	0.000000
3.974359e+00	2.906402	0.000000
3.971177e+00	2.906314	0.000000
3.968000e+00	2.906227	0.000000
3.964828e+00	2.906140	0.000000
3.961661e+00	2.906053	0.000000
3.958500e+00	2.905966	0.000000
3.955343e+00	2.905880	0.000000
3.952191e+00	2.905794	0.000000
3.949045e+00	2.905709	0.000000
3.945903e+00	2.905623	0.000000
3.942766e+00	2.905538	0.000000
3.939635e+00	2.905453	0.000000
3.936508e+00	2.905369	0.000000
3.933386e+00	2.905285	0.000000
3.930269e+00	2.905201	0.000000
3.927158e+00	2.905118	0.000000
3.924051e+00	2.905034	0.000000
3.920949e+00	2.904951	0.000000
3.917852e+00	2.904869	0.000000
3.914759e+00	2.904786	0.000000
3.911672e+00	2.904704	0.000000
3.908589e+00	2.904623	0.000000
3.905512e+00	2.904541	0.000000
3.902439e+00	2.904460	0.000000
3.899371e+00	2.904379	0.000000
3.896308e+00	2.904298	0.000000
3.893250e+00	2.904218	0.000000
3.890196e+00	2.904138	0.000000
3.887147e+00	2.904058	0.000000
3.884103e+00	2.903979	0.000000
3.881064e+00	2.903900	0.000000
3.878030e+00	2.903821	0.000000
3.875000e+00	2.903742	0.000000
3.871975e+00	2.903664	0.000000
3.868955e+00	2.903585	0.000000
3.865939e+00	2.903507	0.000000
3.862928e+00	2.903430	0.000000
3.859922e+00	2.903353	0.000000
3.856921e+00	2.903275	0.000000
3.853924e+00	2.903199	0.000000
3.850932e+00	2.903122	0.000000
3.847944e+00	2.903046	0.000000
3.844961e+00	2.902970	0.000000
3.841983e+00	2.902894	0.000000
3.839009e+00	2.902818	0.000000
3.836040e+00	2.902743	0.000000
3.833076e+00	2.902668	0.000000
3.830116e+00	2.902593	0.000000
3.827160e+00	2.902519	0.000000
3.824210e+00	2.902445	0.000000
3.821263e+00	2.902371	0.000000
3.818322e+00	2.902297	0.000000
3.815385e+00	2.902223	0.000000
3.812452e+00	2.902150	0.000000
3.809524e+00	2.902077	0.000000
3.806600e+00	2.902004	0.000000
3.803681e+00	2.901932	0.000000
3.800766e+00	2.901860	0.000000
3.797856e+00	2.901787	0.000000
3.794950e+00	2.901716	0.000000
3.792049e+00	2.901644	0.000000
3.789152e+00	2.901573	0.000000
3.786260e+00	2.901502	0.000000
3.783371e+00	2.901431	0.000000
3.780488e+00	2.901360	0.000000
3.777609e+00	2.901290	0.000000
3.774734e+00	2.901220	0.000000
3.771863e+00	2.901150	0.000000
3.768997e+00	2.901080	0.000000
3.766135e+00	2.901010	0.000000
3.763278e+00	2.900941	0.000000
3.760425e+00	2.900872	0.000000
3.757576e+00	2.900803	0.000000
3.754731e+00	2.900735	0.000000
3.751891e+00	2.900666	0.000000
3.749055e+00	2.900598	0.000000
3.746224e+00	2.900530	0.000000
3.743396e+00	2.900462	0.000000
3.740573e+00	2.900395	0.000000
3.737754e+00	2.900328	0.000000
3.734940e+00	2.900261	0.000000
3.732129e+00	2.900194	0.000000
3.729323e+00	2.900127	0.000000
3.726521e+00	2.900061	0.000000
3.723724e+00	2.899995	0.000000
3.720930e+00	2.899929	0.000000
3.718141e+00	2.899863	0.000000
3.715356e+00	2.899797	0.000000
3.712575e+00	2.899732	0.000000
3.709798e+00	2.899667	0.000000
3.707025e+00	2.899602	0.000000
3.704257e+00	2.899537	0.000000
3.701493e+00	2.899472	0.000000
3.698732e+00	2.899408	0.000000
3.695976e+00	2.899344	0.000000
3.693224e+00	2.899280	0.000000
3.690476e+00	2.899216	0.000000
3.687732e+00	2.899153	0.000000
3.684993e+00	2.899089	0.000000
3.682257e+00	2.899026	0.000000
3.679525e+00	2.898963	0.000000
3.676798e+00	2.898900	0.000000
3.674074e+00	2.898838	0.000000
3.671355e+00	2.898776	0.000000
3.668639e+00	2.898713	0.000000
3.665928e+00	2.898651	0.000000
3.663220e+00	2.898590	0.000000
3.660517e+00	2.898528	0.000000
3.657817e+00	2.898467	0.000000
3.655122e+00	2.898405	0.000000
3.652430e+00	2.898344	0.000000
3.649742e+00	2.898284	0.000000
3.647059e+00	2.898223	0.000000
3.644379e+00	2.898162	0.000000
3.641703e+00	2.898102	0.000000
3.639032e+00	2.898042	0.000000
3.636364e+00	2.897982	0.000000
3.633700e+00	2.897922	0.000000
3.631040e+00	2.897863	0.000000
3.628383e+00	2.897803	0.000000
3.625731e+00	2.897744	0.000000
3.623083e+00	2.897685	0.000000
3.620438e+00	2.897626	0.000000
3.617797e+00	2.897568	0.000000
3.615160e+00	2.897509	0.000000
3.612527e+00	2.897451	0.000000
3.609898e+00	2.897393	0.000000
3.607273e+00	2.897335	0.000000
3.604651e+00	2.897277	0.000000
3.602033e+00	2.897220	0.000000
3.599419e+00	2.897162	0.000000
3.596809e+00	2.897105	0.000000
3.594203e+00	2.897048	0.000000
3.591600e+00	2.896991	0.000000
3.589001e+00	2.896934	0.000000
3.586406e+00	2.896878	0.000000
3.583815e+00	2.896821	0.000000
3.581227e+00	2.896765	0.000000
3.578644e+00	2.896709	0.000000
3.576063e+00	2.896653	0.000000
3.573487e+00	2.896597	0.000000
3.570914e+00	2.896542	0.000000
3.568345e+00	2.896486	0.000000
3.565780e+00	2.896431	0.000000
3.563218e+00	2.896376	0.000000
3.560660e+00	2.896321	0.000000
3.558106e+00	2.896266	0.000000
3.555556e+00	2.896212	0.000000
3.553009e+00	2.896157	0.000000
3.550465e+00	2.896103	0.000000
3.547926e+00	2.896049	0.000000
3.545390e+00	2.895995	0.000000
3.542857e+00	2.895941	0.000000
3.540328e+00	2.895887	0.000000
3.537803e+00	2.895834	0.000000
3.535282e+00	2.895780	0.000000
3.532764e+00	2.895727	0.000000
3.530249e+00	2.895674	0.000000
3.527738e+00	2.895621	0.000000
3.525231e+00	2.895568	0.000000
3.522727e+00	2.895516	0.000000
3.520227e+00	2.895463	0.000000
3.517730e+00	2.895411	0.000000
3.515237e+00	2.895359	0.000000
3.512748e+00	2.895307	0.000000
3.510262e+00	2.895255	0.000000
3.507779e+00	2.895204	0.000000
3.505300e+00	2.895152	0.000000
3.502825e+00	2.895101	0.000000
3.500353e+00	2.895049	0.000000
3.497884e+00	2.894998	0.000000
3.495419e+00	2.894947	0.000000
3.492958e+00	2.894897	0.000000
3.490500e+00	2.894846	0.000000
3.488045e+00	2.894795	0.000000
3.485594e+00	2.894745	0.000000
3.483146e+00	2.894695	0.000000
3.480702e+00	2.894645	0.000000
3.478261e+00	2.894595	0.000000
3.475823e+00	2.894545	0.000000
3.473389e+00	2.894495	0.000000
3.470959e+00	2.894446	0.000000
3.468531e+00	2.894396	0.000000
3.466108e+00	2.894347	0.000000
3.463687e+00	2.894298	0.000000
3.461270e+00	2.894249	0.000000
3.458856e+00	2.894200	0.000000
3.456446e+00	2.894151	0.000000
3.454039e+00	2.894103	0.000000
3.451635e+00	2.894054	0.000000
3.449235e+00	2.894006	0.000000
3.446838e+00	2.893958	0.000000
3.444444e+00	2.893910	0.000000
3.442054e+00	2.893862	0.000000
3.439667e+00	2.893814	0.000000
3.437283e+00	2.893767	0.000000
3.434903e+00	2.893719	0.000000
3.432526e+00	2.893672	0.000000
3.430152e+00	2.893624	0.000000
3.427782e+00	2.893577	0.000000
3.425414e+00	2.893530	0.000000
3.423050e+00	2.893483	0.000000
3.420690e+00	2.893437	0.000000
3.418332e+00	2.893390	0.000000
3.415978e+00	2.893344	0.000000
3.413627e+00	2.893297	0.000000
3.411279e+00	2.893251	0.000000
3.408935e+00	2.893205	0.000000
3.406593e+00	2.893159	0.000000
3.404255e+00	2.893113	0.000000
3.401920e+00	2.893067	0.000000
3.399589e+00	2.893022	0.000000
3.397260e+00	2.892976	0.000000
3.394935e+00	2.892931	0.000000
3.392613e+00	2.892886	0.000000
3.390294e+00	2.892841	0.000000
3.387978e+00	2.892796	0.000000
3.385666e+00	2.892751	0.000000
3.383356e+00	2.892706	0.000000
3.381050e+00	2.892661	0.000000
3.378747e+00	2.892617	0.000000
3.376447e+00	2.892573	0.000000
3.374150e+00	2.892528	0.000000
3.371856e+00	2.892484	0.000000
3.369565e+00	2.892440	0.000000
3.367278e+00	2.892396	0.000000
3.364993e+00	2.892352	0.000000
3.362712e+00	2.892309	0.000000
3.360434e+00	2.892265	0.000000
3.358158e+00	2.892222	0.000000
3.355886e+00	2.892178	0.000000
3.353617e+00	2.892135	0.000000
3.351351e+00	2.892092	0.000000
3.349088e+00	2.892049	0.000000
3.346829e+00	2.892006	0.000000
3.344572e+00	2.891963	0.000000
3.342318e+00	2.891921	0.000000
3.340067e+00	2.891878	0.000000
3.337820e+00	2.891836	0.000000
3.335575e+00	2.891794	0.000000
3.333333e+00	2.891751	0.000000
3.331095e+00	2.891709	0.000000
3.328859e+00	2.891667	0.000000
3.326626e+00	2.891625	0.000000
3.324397e+00	2.891584	0.000000
3.322170e+00	2.891542	0.000000
3.319946e+00	2.891500	0.000000
3.317726e+00	2.891459	0.000000
3.315508e+00	2.891418	0.000000
3.313293e+00	2.891376	0.000000
3.311081e+00	2.891335	0.000000
3.308873e+00	2.891294	0.000000
3.306667e+00	2.891253	0.000000
3.304464e+00	2.891213	0.000000
3.302264e+00	2.891172	0.000000
3.300067e+00	2.891131	0.000000
3.297872e+00	2.891091	0.000000
3.295681e+00	2.891050	0.000000
3.293493e+00	2.891010	0.000000
3.291307e+00	2.890970	0.000000
3.289125e+00	2.890930	0.000000
3.286945e+00	2.890890	0.000000
3.284768e+00	2.890850	0.000000
3.282594e+00	2.890810	0.000000
3.280423e+00	2.890771	0.000000
3.278255e+00	2.890731	0.000000
3.276090e+00	2.890692	0.000000
3.273927e+00	2.890652	0.000000
3.271768e+00	2.890613	0.000000
3.269611e+00	2.890574	0.000000
3.267457e+00	2.890535	0.000000
3.265306e+00	2.890496	0.000000
3.263158e+00	2.890457	0.000000
3.261012e+00	2.890418	0.000000
3.258870e+00	2.890380	0.000000
3.256730e+00	2.890341	0.000000
3.254593e+00	2.890303	0.000000
3.252459e+00	2.890264	0.000000
3.250328e+00	2.890226	0.000000
3.248199e+00	2.890188	0.000000
3.246073e+00	2.890150	0.000000
3.243950e+00	2.890112	0.000000
3.241830e+00	2.890074	0.000000
3.239713e+00	2.890036	0.000000
3.237598e+00	2.889998	0.000000
3.235486e+00	2.889961	0.000000
3.233377e+00	2.889923	0.000000
3.231270e+00	2.889886	0.000000
3.229167e+00	2.889848	0.000000
3.227066e+00	2.889811	0.000000
3.224967e+00	2.889774	0.000000
3.222872e+00	2.889737	0.000000
3.220779e+00	2.889700	0.000000
3.218689e+00	2.889663	0.000000
3.216602e+00	2.889626	0.000000
3.214517e+00	2.889590	0.000000
3.212435e+00	2.889553	0.000000
3.210356e+00	2.889517	0.000000
3.208279e+00	2.889480	0.000000
3.206206e+00	2.889444	0.000000
3.204134e+00	2.889408	0.000000
3.202066e+00	2.889371	0.000000
3.200000e+00	2.889335	0.000000
3.197937e+00	2.889299	0.000000
3.195876e+00	2.889263	0.000000
3.193818e+00	2.889228	0.000000
3.191763e+00	2.889192	0.000000
3.189711e+00	2.889156	0.000000
3.187661e+00	2.889121	0.000000
3.185613e+00	2.889085	0.000000
3.183569e+00	2.889050	0.000000
3.181527e+00	2.889015	0.000000
3.179487e+00	2.888980	0.000000
3.177450e+00	2.888944	0.000000
3.175416e+00	2.888909	0.000000
3.173385e+00	2.888874	0.000000
3.171355e+00	2.888840	0.000000
3.169329e+00	2.888805	0.000000
3.167305e+00	2.888770	0.000000
3.165284e+00	2.888736	0.000000
3.163265e+00	2.888701	0.000000
3.161249e+00	2.888667	0.000000
3.159236e+00	2.888632	0.000000
3.157225e+00	2.888598	0.000000
3.155216e+00	2.888564	0.000000
3.153210e+00	2.888530	0.000000
3.151207e+00	2.888496	0.000000
3.149206e+00	2.888462	0.000000
3.147208e+00	2.888428	0.000000
3.145212e+00	2.888394	0.000000
3.143219e+00	2.888360	0.000000
3.141229e+00	2.888327	0.000000
3.139241e+00	2.888293	0.000000
3.137255e+00	2.888260	0.000000
3.135272e+00	2.888227	0.000000
3.133291e+00	2.888193	0.000000
3.131313e+00	2.888160	0.000000
3.129338e+00	2.888127	0.000000
3.127364e+00	2.888094	0.000000
3.125394e+00	2.888061	0.000000
3.123426e+00	2.888028	0.000000
3.121460e+00	2.887995	0.000000
3.119497e+00	2.887962	0.000000
3.117536e+00	2.887930	0.000000
3.115578e+00	2.887897	0.000000
3.113622e+00	2.887865	0.000000
3.111669e+00	2.887832	0.000000
3.109718e+00	2.887800	0.000000
3.107769e+00	2.887767	0.000000
3.105823e+00	2.887735	0.000000
3.103880e+00	2.887703	0.000000
3.101939e+00	2.887671	0.000000
3.100000e+00	2.887639	0.000000
3.098064e+00	2.887607	0.000000
3.096130e+00	2.887575	0.000000
3.094198e+00	2.887544	0.000000
