6.200000e+00	3.448633	0.091197
6.192260e+00	3.412070	0.090707
6.184539e+00	3.390215	0.089778
6.176837e+00	3.374778	0.088629
6.169154e+00	3.362958	0.087335
6.161491e+00	3.353466	0.085928
6.153846e+00	3.345596	0.084426
6.146221e+00	3.338924	0.082838
6.138614e+00	3.333171	0.081168
6.131026e+00	3.328146	0.079419
6.123457e+00	3.323713	0.077590
6.115906e+00	3.319769	0.075679
6.108374e+00	3.316236	0.073684
6.100861e+00	3.313055	0.071599
6.093366e+00	3.310177	0.069418
6.085890e+00	3.307563	0.067135
6.078431e+00	3.305181	0.064739
6.070991e+00	3.303005	0.062218
6.063570e+00	3.301013	0.059558
6.056166e+00	3.299186	0.056739
6.048780e+00	3.297507	0.053736
6.041413e+00	3.295963	0.050516
6.034063e+00	3.294543	0.047029
6.026731e+00	3.293234	0.043207
6.019417e+00	3.292029	0.038935
6.012121e+00	3.290918	0.033991
6.004843e+00	3.289891	0.027764
5.997582e+00	3.284901	0.019289
5.990338e+00	3.280610	0.014670
5.983112e+00	3.277522	0.007503
5.975904e+00	3.264724	0.000000
5.968712e+00	3.256341	0.000000
5.961538e+00	3.249878	0.000000
5.954382e+00	3.244350	0.000000
5.947242e+00	3.239422	0.000000
5.940120e+00	3.234929	0.000000
5.933014e+00	3.230775	0.000000
5.925926e+00	3.226894	0.000000
5.918854e+00	3.223243	0.000000
5.911800e+00	3.219789	0.000000
5.904762e+00	3.216505	0.000000
5.897741e+00	3.213373	0.000000
5.890736e+00	3.210377	0.000000
5.883749e+00	3.207502	0.000000
5.876777e+00	3.204738	0.000000
5.869822e+00	3.202075	0.000000
5.862884e+00	3.199506	0.000000
5.855962e+00	3.197023	0.000000
5.849057e+00	3.194620	0.000000
5.842167e+00	3.192291	0.000000
5.835294e+00	3.190033	0.000000
5.828437e+00	3.187840	0.000000
5.821596e+00	3.185708	0.000000
5.814771e+00	3.183635	0.000000
5.807963e+00	3.181617	0.000000
5.801170e+00	3.179650	0.000000
5.794393e+00	3.177733	0.000000
5.787631e+00	3.175863	0.000000
5.780886e+00	3.174038	0.000000
5.774156e+00	3.172255	0.000000
5.767442e+00	3.170513	0.000000
5.760743e+00	3.168809	0.000000
5.754060e+00	3.167143	0.000000
5.747393e+00	3.165513	0.000000
5.740741e+00	3.163917	0.000000
5.734104e+00	3.162353	0.000000
5.727483e+00	3.160822	0.000000
5.720877e+00	3.159320	0.000000
5.714286e+00	3.157848	0.000000
5.707710e+00	3.156404	0.000000
5.701149e+00	3.154987	0.000000
5.694604e+00	3.153597	0.000000
5.688073e+00	3.152232	0.000000
5.681558e+00	3.150891	0.000000
5.675057e+00	3.149574	0.000000
5.668571e+00	3.148280	0.000000
5.662100e+00	3.147008	0.000000
5.655644e+00	3.145758	0.000000
5.649203e+00	3.144529	0.000000
5.642776e+00	3.143320	0.000000
5.636364e+00	3.142130	0.000000
5.629966e+00	3.140959	0.000000
5.623583e+00	3.139807	0.000000
5.617214e+00	3.138673	0.000000
5.610860e+00	3.137557	0.000000
5.604520e+00	3.136457	0.000000
5.598194e+00	3.135374	0.000000
5.591883e+00	3.134307	0.000000
5.585586e+00	3.133256	0.000000
5.579303e+00	3.132220	0.000000
5.573034e+00	3.131199	0.000000
5.566779e+00	3.130192	0.000000
5.560538e+00	3.129200	0.000000
5.554311e+00	3.128221	0.000000
5.548098e+00	3.127256	0.000000
5.541899e+00	3.126303	0.000000
5.535714e+00	3.125364	0.000000
5.529543e+00	3.124437	0.000000
5.523385e+00	3.123523	0.000000
5.517241e+00	3.122620	0.000000
5.511111e+00	3.121729	0.000000
5.504994e+00	3.120849	0.000000
5.498891e+00	3.119981	0.000000
5.492802e+00	3.119124	0.000000
5.486726e+00	3.118277	0.000000
5.480663e+00	3.117440	0.000000
5.474614e+00	3.116614	0.000000
5.468578e+00	3.115798	0.000000
5.462555e+00	3.114992	0.000000
5.456546e+00	3.114195	0.000000
5.450549e+00	3.113408	0.000000
5.444566e+00	3.112630	0.000000
5.438596e+00	3.111861	0.000000
5.432640e+00	3.111101	0.000000
5.426696e+00	3.110349	0.000000
5.420765e+00	3.109606	0.000000
5.414847e+00	3.108871	0.000000
5.408942e+00	3.108145	0.000000
5.403050e+00	3.107426	0.000000
5.397171e+00	3.106716	0.000000
5.391304e+00	3.106013	0.000000
5.385451e+00	3.105318	0.000000
5.379610e+00	3.104630	0.000000
5.373781e+00	3.103950	0.000000
5.367965e+00	3.103276	0.000000
5.362162e+00	3.102610	0.000000
5.356371e+00	3.101951	0.000000
5.350593e+00	3.101299	0.000000
5.344828e+00	3.100653	0.000000
5.339074e+00	3.100014	0.000000
5.333333e+00	3.099381	0.000000
5.327605e+00	3.098755	0.000000
5.321888e+00	3.098135	0.000000
5.316184e+00	3.097521	0.000000
5.310493e+00	3.096913	0.000000
5.304813e+00	3.096311	0.000000
5.299145e+00	3.095715	0.000000
5.293490e+00	3.095125	0.000000
5.287846e+00	3.094540	0.000000
5.282215e+00	3.093961	0.000000
5.276596e+00	3.093387	0.000000
5.270988e+00	3.092819	0.000000
5.265393e+00	3.092256	0.000000
5.259809e+00	3.091699	0.000000
5.254237e+00	3.091146	0.000000
5.248677e+00	3.090599	0.000000
5.243129e+00	3.090057	0.000000
5.237592e+00	3.089519	0.000000
5.232068e+00	3.088986	0.000000
5.226554e+00	3.088459	0.000000
5.221053e+00	3.087936	0.000000
5.215563e+00	3.087417	0.000000
5.210084e+00	3.086903	0.000000
5.204617e+00	3.086394	0.000000
5.199161e+00	3.085889	0.000000
5.193717e+00	3.085388	0.000000
5.188285e+00	3.084892	0.000000
5.182863e+00	3.084400	0.000000
5.177453e+00	3.083912	0.000000
5.172054e+00	3.083428	0.000000
5.166667e+00	3.082949	0.000000
5.161290e+00	3.082473	0.000000
5.155925e+00	3.082002	0.000000
5.150571e+00	3.081534	0.000000
5.145228e+00	3.081070	0.000000
5.139896e+00	3.080610	0.000000
5.134576e+00	3.080154	0.000000
5.129266e+00	3.079701	0.000000
5.123967e+00	3.079252	0.000000
5.118679e+00	3.078807	0.000000
5.113402e+00	3.078365	0.000000
5.108136e+00	3.077927	0.000000
5.102881e+00	3.077493	0.000000
5.097636e+00	3.077061	0.000000
5.092402e+00	3.076633	0.000000
5.087179e+00	3.076209	0.000000
5.081967e+00	3.075788	0.000000
5.076766e+00	3.075370	0.000000
5.071575e+00	3.074955	0.000000
5.066394e+00	3.074543	0.000000
5.061224e+00	3.074135	0.000000
5.056065e+00	3.073729	0.000000
5.050916e+00	3.073327	0.000000
5.045778e+00	3.072928	0.000000
5.040650e+00	3.072532	0.000000
5.035533e+00	3.072138	0.000000
5.030426e+00	3.071748	0.000000
5.025329e+00	3.071360	0.000000
5.020243e+00	3.070976	0.000000
5.015167e+00	3.070594	0.000000
5.010101e+00	3.070215	0.000000
5.005045e+00	3.069838	0.000000
5.000000e+00	3.069465	0.000000
4.994965e+00	3.069094	0.000000
4.989940e+00	3.068726	0.000000
4.984925e+00	3.068360	0.000000
4.979920e+00	3.067997	0.000000
4.974925e+00	3.067637	0.000000
4.969940e+00	3.067279	0.000000
4.964965e+00	3.066923	0.000000
4.960000e+00	3.066570	0.000000
4.955045e+00	3.066220	0.000000
4.950100e+00	3.065872	0.000000
4.945165e+00	3.065526	0.000000
4.940239e+00	3.065183	0.000000
4.935323e+00	3.064842	0.000000
4.930417e+00	3.064503	0.000000
4.925521e+00	3.064167	0.000000
4.920635e+00	3.063833	0.000000
4.915758e+00	3.063501	0.000000
4.910891e+00	3.063172	0.000000
4.906034e+00	3.062844	0.000000
4.901186e+00	3.062519	0.000000
4.896347e+00	3.062196	0.000000
4.891519e+00	3.061875	0.000000
4.886700e+00	3.061557	0.000000
4.881890e+00	3.061240	0.000000
4.877089e+00	3.060925	0.000000
4.872299e+00	3.060613	0.000000
4.867517e+00	3.060302	0.000000
4.862745e+00	3.059994	0.000000
4.857982e+00	3.059687	0.000000
4.853229e+00	3.059383	0.000000
4.848485e+00	3.059080	0.000000
4.843750e+00	3.058779	0.000000
4.839024e+00	3.058481	0.000000
4.834308e+00	3.058184	0.000000
4.829601e+00	3.057889	0.000000
4.824903e+00	3.057595	0.000000
4.820214e+00	3.057304	0.000000
4.815534e+00	3.057014	0.000000
4.810863e+00	3.056727	0.000000
4.806202e+00	3.056441	0.000000
4.801549e+00	3.056157	0.000000
4.796905e+00	3.055874	0.000000
4.792271e+00	3.055593	0.000000
4.787645e+00	3.055314	0.000000
4.783028e+00	3.055037	0.000000
4.778420e+00	3.054761	0.000000
4.773821e+00	3.054487	0.000000
4.769231e+00	3.054215	0.000000
4.764649e+00	3.053944	0.000000
4.760077e+00	3.053675	0.000000
4.755513e+00	3.053408	0.000000
4.750958e+00	3.053142	0.000000
4.746411e+00	3.052877	0.000000
4.741874e+00	3.052615	0.000000
4.737345e+00	3.052353	0.000000
4.732824e+00	3.052094	0.000000
4.728313e+00	3.051836	0.000000
4.723810e+00	3.051579	0.000000
4.719315e+00	3.051324	0.000000
4.714829e+00	3.051070	0.000000
4.710351e+00	3.050818	0.000000
4.705882e+00	3.050567	0.000000
4.701422e+00	3.050318	0.000000
4.696970e+00	3.050070	0.000000
4.692526e+00	3.049823	0.000000
4.688091e+00	3.049578	0.000000
4.683664e+00	3.049334	0.000000
4.679245e+00	3.049092	0.000000
4.674835e+00	3.048851	0.000000
4.670433e+00	3.048611	0.000000
4.666040e+00	3.048373	0.000000
4.661654e+00	3.048136	0.000000
4.657277e+00	3.047900	0.000000
4.652908e+00	3.047666	0.000000
4.648547e+00	3.047433	0.000000
4.644195e+00	3.047201	0.000000
4.639850e+00	3.046971	0.000000
4.635514e+00	3.046741	0.000000
4.631186e+00	3.046513	0.000000
4.626866e+00	3.046286	0.000000
4.622554e+00	3.046061	0.000000
4.618250e+00	3.045837	0.000000
4.613953e+00	3.045614	0.000000
4.609665e+00	3.045392	0.000000
4.605385e+00	3.045171	0.000000
4.601113e+00	3.044951	0.000000
4.596849e+00	3.044733	0.000000
4.592593e+00	3.044516	0.000000
4.588344e+00	3.044300	0.000000
4.584104e+00	3.044085	0.000000
4.579871e+00	3.043871	0.000000
4.575646e+00	3.043658	0.000000
4.571429e+00	3.043447	0.000000
4.567219e+00	3.043236	0.000000
4.563017e+00	3.043027	0.000000
4.558824e+00	3.042819	0.000000
4.554637e+00	3.042612	0.000000
4.550459e+00	3.042405	0.000000
4.546288e+00	3.042200	0.000000
4.542125e+00	3.041996	0.000000
4.537969e+00	3.041793	0.000000
4.533821e+00	3.041591	0.000000
4.529680e+00	3.041391	0.000000
4.525547e+00	3.041191	0.000000
4.521422e+00	3.040992	0.000000
4.517304e+00	3.040794	0.000000
4.513194e+00	3.040597	0.000000
4.509091e+00	3.040401	0.000000
4.504995e+00	3.040206	0.000000
4.500907e+00	3.040013	0.000000
4.496827e+00	3.039820	0.000000
4.492754e+00	3.039628	0.000000
4.488688e+00	3.039437	0.000000
4.484629e+00	3.039247	0.000000
4.480578e+00	3.039057	0.000000
4.476534e+00	3.038869	0.000000
4.472498e+00	3.038682	0.000000
4.468468e+00	3.038496	0.000000
4.464446e+00	3.038310	0.000000
4.460432e+00	3.038126	0.000000
4.456424e+00	3.037942	0.000000
4.452424e+00	3.037759	0.000000
4.448430e+00	3.037577	0.000000
4.444444e+00	3.037396	0.000000
4.440466e+00	3.037216	0.000000
4.436494e+00	3.037037	0.000000
4.432529e+00	3.036859	0.000000
4.428571e+00	3.036681	0.000000
4.424621e+00	3.036504	0.000000
4.420677e+00	3.036329	0.000000
4.416741e+00	3.036153	0.000000
4.412811e+00	3.035979	0.000000
4.408889e+00	3.035806	0.000000
4.404973e+00	3.035633	0.000000
4.401065e+00	3.035462	0.000000
4.397163e+00	3.035291	0.000000
4.393268e+00	3.035121	0.000000
4.389381e+00	3.034951	0.000000
4.385500e+00	3.034783	0.000000
4.381625e+00	3.034615	0.000000
4.377758e+00	3.034448	0.000000
4.373898e+00	3.034282	0.000000
4.370044e+00	3.034116	0.000000
4.366197e+00	3.033951	0.000000
4.362357e+00	3.033788	0.000000
4.358524e+00	3.033624	0.000000
4.354697e+00	3.033462	0.000000
4.350877e+00	3.033300	0.000000
4.347064e+00	3.033139	0.000000
4.343257e+00	3.032979	0.000000
4.339458e+00	3.032819	0.000000
4.335664e+00	3.032661	0.000000
4.331878e+00	3.032503	0.000000
4.328098e+00	3.032345	0.000000
4.324324e+00	3.032189	0.000000
4.320557e+00	3.032033	0.000000
4.316797e+00	3.031877	0.000000
4.313043e+00	3.031723	0.000000
4.309296e+00	3.031569	0.000000
4.305556e+00	3.031416	0.000000
4.301821e+00	3.031263	0.000000
4.298094e+00	3.031111	0.000000
4.294372e+00	3.030960	0.000000
4.290657e+00	3.030810	0.000000
4.286949e+00	3.030660	0.000000
4.283247e+00	3.030511	0.000000
4.279551e+00	3.030362	0.000000
4.275862e+00	3.030214	0.000000
4.272179e+00	3.030067	0.000000
4.268503e+00	3.029920	0.000000
4.264832e+00	3.029774	0.000000
4.261168e+00	3.029629	0.000000
4.257511e+00	3.029484	0.000000
4.253859e+00	3.029340	0.000000
4.250214e+00	3.029197	0.000000
4.246575e+00	3.029054	0.000000
4.242943e+00	3.028911	0.000000
4.239316e+00	3.028770	0.000000
4.235696e+00	3.028629	0.000000
4.232082e+00	3.028488	0.000000
4.228474e+00	3.028348	0.000000
4.224872e+00	3.028209	0.000000
4.221277e+00	3.028070	0.000000
4.217687e+00	3.027932	0.000000
4.214104e+00	3.027795	0.000000
4.210526e+00	3.027658	0.000000
4.206955e+00	3.027522	0.000000
4.203390e+00	3.027386	0.000000
4.199831e+00	3.027250	0.000000
4.196277e+00	3.027116	0.000000
4.192730e+00	3.026982	0.000000
4.189189e+00	3.026848	0.000000
4.185654e+00	3.026715	0.000000
4.182125e+00	3.026583	0.000000
4.178602e+00	3.026451	0.000000
4.175084e+00	3.026319	0.000000
4.171573e+00	3.026189	0.000000
4.168067e+00	3.026058	0.000000
4.164568e+00	3.025929	0.000000
4.161074e+00	3.025799	0.000000
4.157586e+00	3.025671	0.000000
4.154104e+00	3.025542	0.000000
4.150628e+00	3.025415	0.000000
4.147157e+00	3.025288	0.000000
4.143693e+00	3.025161	0.000000
4.140234e+00	3.025035	0.000000
4.136781e+00	3.024909	0.000000
4.133333e+00	3.024784	0.000000
4.129892e+00	3.024660	0.000000
4.126456e+00	3.024536	0.000000
4.123026e+00	3.024412	0.000000
4.119601e+00	3.024289	0.000000
4.116183e+00	3.024166	0.000000
4.112769e+00	3.024044	0.000000
4.109362e+00	3.023922	0.000000
4.105960e+00	3.023801	0.000000
4.102564e+00	3.023680	0.000000
4.099174e+00	3.023560	0.000000
4.095789e+00	3.023441	0.000000
4.092409e+00	3.023321	0.000000
4.089035e+00	3.023202	0.000000
4.085667e+00	3.023084	0.000000
4.082305e+00	3.022966	0.000000
4.078947e+00	3.022849	0.000000
4.075596e+00	3.022732	0.000000
4.072250e+00	3.022615	0.000000
4.068909e+00	3.022499	0.000000
4.065574e+00	3.022384	0.000000
4.062244e+00	3.022268	0.000000
4.058920e+00	3.022154	0.000000
4.055601e+00	3.022039	0.000000
4.052288e+00	3.021926	0.000000
4.048980e+00	3.021812	0.000000
4.045677e+00	3.021699	0.000000
4.042380e+00	3.021587	0.000000
4.039088e+00	3.021474	0.000000
4.035801e+00	3.021363	0.000000
4.032520e+00	3.021252	0.000000
4.029245e+00	3.021141	0.000000
4.025974e+00	3.021030	0.000000
4.022709e+00	3.020920	0.000000
4.019449e+00	3.020811	0.000000
4.016194e+00	3.020701	0.000000
4.012945e+00	3.020593	0.000000
4.009701e+00	3.020484	0.000000
4.006462e+00	3.020376	0.000000
4.003228e+00	3.020269	0.000000
4.000000e+00	3.020162	0.000000
3.996777e+00	3.020055	0.000000
3.993559e+00	3.019949	0.000000
3.990346e+00	3.019843	0.000000
3.987138e+00	3.019737	0.000000
3.983936e+00	3.019632	0.000000
3.980738e+00	3.019527	0.000000
3.977546e+00	3.019423	0.000000
3.974359e+00	3.019319	0.000000
3.971177e+00	3.019215	0.000000
3.968000e+00	3.019112	0.000000
3.964828e+00	3.019009	0.000000
3.961661e+00	3.018906	0.000000
3.958500e+00	3.018804	0.000000
3.955343e+00	3.018702	0.000000
3.952191e+00	3.018601	0.000000
3.949045e+00	3.018500	0.000000
3.945903e+00	3.018399	0.000000
3.942766e+00	3.018299	0.000000
3.939635e+00	3.018199	0.000000
3.936508e+00	3.018099	0.000000
3.933386e+00	3.018000	0.000000
3.930269e+00	3.017901	0.000000
3.927158e+00	3.017803	0.000000
3.924051e+00	3.017705	0.000000
3.920949e+00	3.017607	0.000000
3.917852e+00	3.017509	0.000000
3.914759e+00	3.017412	0.000000
3.911672e+00	3.017316	0.000000
3.908589e+00	3.017219	0.000000
3.905512e+00	3.017123	0.000000
3.902439e+00	3.017027	0.000000
3.899371e+00	3.016932	0.000000
3.896308e+00	3.016837	0.000000
3.893250e+00	3.016742	0.000000
3.890196e+00	3.016648	0.000000
3.887147e+00	3.016554	0.000000
3.884103e+00	3.016460	0.000000
3.881064e+00	3.016367	0.000000
3.878030e+00	3.016274	0.000000
3.875000e+00	3.016181	0.000000
3.871975e+00	3.016088	0.000000
3.868955e+00	3.015996	0.000000
3.865939e+00	3.015904	0.000000
3.862928e+00	3.015813	0.000000
3.859922e+00	3.015722	0.000000
3.856921e+00	3.015631	0.000000
3.853924e+00	3.015540	0.000000
3.850932e+00	3.015450	0.000000
3.847944e+00	3.015360	0.000000
3.844961e+00	3.015271	0.000000
3.841983e+00	3.015181	0.000000
3.839009e+00	3.015092	0.000000
3.836040e+00	3.015004	0.000000
3.833076e+00	3.014915	0.000000
3.830116e+00	3.014827	0.000000
3.827160e+00	3.014740	0.000000
3.824210e+00	3.014652	0.000000
3.821263e+00	3.014565	0.000000
3.818322e+00	3.014478	0.000000
3.815385e+00	3.014391	0.000000
3.812452e+00	3.014305	0.000000
3.809524e+00	3.014219	0.000000
3.806600e+00	3.014133	0.000000
3.803681e+00	3.014048	0.000000
3.800766e+00	3.013963	0.000000
3.797856e+00	3.013878	0.000000
3.794950e+00	3.013793	0.000000
3.792049e+00	3.013709	0.000000
3.789152e+00	3.013625	0.000000
3.786260e+00	3.013541	0.000000
3.783371e+00	3.013458	0.000000
3.780488e+00	3.013375	0.000000
3.777609e+00	3.013292	0.000000
3.774734e+00	3.013209	0.000000
3.771863e+00	3.013127	0.000000
3.768997e+00	3.013045	0.000000
3.766135e+00	3.012963	0.000000
3.763278e+00	3.012881	0.000000
3.760425e+00	3.012800	0.000000
3.757576e+00	3.012719	0.000000
3.754731e+00	3.012638	0.000000
3.751891e+00	3.012558	0.000000
3.749055e+00	3.012477	0.000000
3.746224e+00	3.012398	0.000000
3.743396e+00	3.012318	0.000000
3.740573e+00	3.012238	0.000000
3.737754e+00	3.012159	0.000000
3.734940e+00	3.012080	0.000000
3.732129e+00	3.012002	0.000000
3.729323e+00	3.011923	0.000000
3.726521e+00	3.011845	0.000000
3.723724e+00	3.011767	0.000000
3.720930e+00	3.011689	0.000000
3.718141e+00	3.011612	0.000000
3.715356e+00	3.011535	0.000000
3.712575e+00	3.011458	0.000000
3.709798e+00	3.011381	0.000000
3.707025e+00	3.011305	0.000000
3.704257e+00	3.011229	0.000000
3.701493e+00	3.011153	0.000000
3.698732e+00	3.011077	0.000000
3.695976e+00	3.011002	0.000000
3.693224e+00	3.010926	0.000000
3.690476e+00	3.010851	0.000000
3.687732e+00	3.010777	0.000000
3.684993e+00	3.010702	0.000000
3.682257e+00	3.010628	0.000000
3.679525e+00	3.010554	0.000000
3.676798e+00	3.010480	0.000000
3.674074e+00	3.010406	0.000000
3.671355e+00	3.010333	0.000000
3.668639e+00	3.010260	0.000000
3.665928e+00	3.010187	0.000000
3.663220e+00	3.010114	0.000000
3.660517e+00	3.010042	0.000000
3.657817e+00	3.009970	0.000000
3.655122e+00	3.009898	0.000000
3.652430e+00	3.009826	0.000000
3.649742e+00	3.009755	0.000000
3.647059e+00	3.009683	0.000000
3.644379e+00	3.009612	0.000000
3.641703e+00	3.009541	0.000000
3.639032e+00	3.009471	0.000000
3.636364e+00	3.009400	0.000000
3.633700e+00	3.009330	0.000000
3.631040e+00	3.009260	0.000000
3.628383e+00	3.009190	0.000000
3.625731e+00	3.009121	0.000000
3.623083e+00	3.009051	0.000000
3.620438e+00	3.008982	0.000000
3.617797e+00	3.008913	0.000000
3.615160e+00	3.008844	0.000000
3.612527e+00	3.008776	0.000000
3.609898e+00	3.008708	0.000000
3.607273e+00	3.008639	0.000000
3.604651e+00	3.008572	0.000000
3.602033e+00	3.008504	0.000000
3.599419e+00	3.008436	0.000000
3.596809e+00	3.008369	0.000000
3.594203e+00	3.008302	0.000000
3.591600e+00	3.008235	0.000000
3.589001e+00	3.008169	0.000000
3.586406e+00	3.008102	0.000000
3.583815e+00	3.008036	0.000000
3.581227e+00	3.007970	0.000000
3.578644e+00	3.007904	0.000000
3.576063e+00	3.007838	0.000000
3.573487e+00	3.007773	0.000000
3.570914e+00	3.007707	0.000000
3.568345e+00	3.007642	0.000000
3.565780e+00	3.007577	0.000000
3.563218e+00	3.007513	0.000000
3.560660e+00	3.007448	0.000000
3.558106e+00	3.007384	0.000000
3.555556e+00	3.007320	0.000000
3.553009e+00	3.007256	0.000000
3.550465e+00	3.007192	0.000000
3.547926e+00	3.007128	0.000000
3.545390e+00	3.007065	0.000000
3.542857e+00	3.007002	0.000000
3.540328e+00	3.006939	0.000000
3.537803e+00	3.006876	0.000000
3.535282e+00	3.006813	0.000000
3.532764e+00	3.006751	0.000000
3.530249e+00	3.006688	0.000000
3.527738e+00	3.006626	0.000000
3.525231e+00	3.006564	0.000000
3.522727e+00	3.006503	0.000000
3.520227e+00	3.006441	0.000000
3.517730e+00	3.006380	0.000000
3.515237e+00	3.006319	0.000000
3.512748e+00	3.006258	0.000000
3.510262e+00	3.006197	0.000000
3.507779e+00	3.006136	0.000000
3.505300e+00	3.006076	0.000000
3.502825e+00	3.006015	0.000000
3.500353e+00	3.005955	0.000000
3.497884e+00	3.005895	0.000000
3.495419e+00	3.005835	0.000000
3.492958e+00	3.005776	0.000000
3.490500e+00	3.005716	0.000000
3.488045e+00	3.005657	0.000000
3.485594e+00	3.005598	0.000000
3.483146e+00	3.005539	0.000000
3.480702e+00	3.005480	0.000000
3.478261e+00	3.005421	0.000000
3.475823e+00	3.005363	0.000000
3.473389e+00	3.005305	0.000000
3.470959e+00	3.005247	0.000000
3.468531e+00	3.005189	0.000000
3.466108e+00	3.005131	0.000000
3.463687e+00	3.005073	0.000000
3.461270e+00	3.005016	0.000000
3.458856e+00	3.004958	0.000000
3.456446e+00	3.004901	0.000000
3.454039e+00	3.004844	0.000000
3.451635e+00	3.004787	0.000000
3.449235e+00	3.004731	0.000000
3.446838e+00	3.004674	0.000000
3.444444e+00	3.004618	0.000000
3.442054e+00	3.004562	0.000000
3.439667e+00	3.004506	0.000000
3.437283e+00	3.004450	0.000000
3.434903e+00	3.004394	0.000000
3.432526e+00	3.004338	0.000000
3.430152e+00	3.004283	0.000000
3.427782e+00	3.004228	0.000000
3.425414e+00	3.004173	0.000000
3.423050e+00	3.004118	0.000000
3.420690e+00	3.004063	0.000000
3.418332e+00	3.004008	0.000000
3.415978e+00	3.003954	0.000000
3.413627e+00	3.003899	0.000000
3.411279e+00	3.003845	0.000000
3.408935e+00	3.003791	0.000000
3.406593e+00	3.003737	0.000000
3.404255e+00	3.003683	0.000000
3.401920e+00	3.003630	0.000000
3.399589e+00	3.003576	0.000000
3.397260e+00	3.003523	0.000000
3.394935e+00	3.003470	0.000000
3.392613e+00	3.003417	0.000000
3.390294e+00	3.003364	0.000000
3.387978e+00	3.003311	0.000000
3.385666e+00	3.003259	0.000000
3.383356e+00	3.003206	0.000000
3.381050e+00	3.003154	0.000000
3.378747e+00	3.003102	0.000000
3.376447e+00	3.003050	0.000000
3.374150e+00	3.002998	0.000000
3.371856e+00	3.002946	0.000000
3.369565e+00	3.002894	0.000000
3.367278e+00	3.002843	0.000000
3.364993e+00	3.002792	0.000000
3.362712e+00	3.002740	0.000000
3.360434e+00	3.002689	0.000000
3.358158e+00	3.002638	0.000000
3.355886e+00	3.002588	0.000000
3.353617e+00	3.002537	0.000000
3.351351e+00	3.002487	0.000000
3.349088e+00	3.002436	0.000000
3.346829e+00	3.002386	0.000000
3.344572e+00	3.002336	0.000000
3.342318e+00	3.002286	0.000000
3.340067e+00	3.002236	0.000000
3.337820e+00	3.002186	0.000000
3.335575e+00	3.002137	0.000000
3.333333e+00	3.002087	0.000000
3.331095e+00	3.002038	0.000000
3.328859e+00	3.001989	0.000000
3.326626e+00	3.001940	0.000000
3.324397e+00	3.001891	0.000000
3.322170e+00	3.001842	0.000000
3.319946e+00	3.001793	0.000000
3.317726e+00	3.001745	0.000000
3.315508e+00	3.001696	0.000000
3.313293e+00	3.001648	0.000000
3.311081e+00	3.001600	0.000000
3.308873e+00	3.001552	0.000000
3.306667e+00	3.001504	0.000000
3.304464e+00	3.001456	0.000000
3.302264e+00	3.001408	0.000000
3.300067e+00	3.001361	0.000000
3.297872e+00	3.001313	0.000000
3.295681e+00	3.001266	0.000000
3.293493e+00	3.001219	0.000000
3.291307e+00	3.001172	0.000000
3.289125e+00	3.001125	0.000000
3.286945e+00	3.001078	0.000000
3.284768e+00	3.001032	0.000000
3.282594e+00	3.000985	0.000000
3.280423e+00	3.000939	0.000000
3.278255e+00	3.000892	0.000000
3.276090e+00	3.000846	0.000000
3.273927e+00	3.000800	0.000000
3.271768e+00	3.000754	0.000000
3.269611e+00	3.000708	0.000000
3.267457e+00	3.000662	0.000000
3.265306e+00	3.000617	0.000000
3.263158e+00	3.000571	0.000000
3.261012e+00	3.000526	0.000000
3.258870e+00	3.000481	0.000000
3.256730e+00	3.000435	0.000000
3.254593e+00	3.000390	0.000000
3.252459e+00	3.000345	0.000000
3.250328e+00	3.000301	0.000000
3.248199e+00	3.000256	0.000000
3.246073e+00	3.000211	0.000000
3.243950e+00	3.000167	0.000000
3.241830e+00	3.000123	0.000000
3.239713e+00	3.000078	0.000000
3.237598e+00	3.000034	0.000000
3.235486e+00	2.999990	0.000000
3.233377e+00	2.999946	0.000000
3.231270e+00	2.999902	0.000000
3.229167e+00	2.999859	0.000000
3.227066e+00	2.999815	0.000000
3.224967e+00	2.999772	0.000000
3.222872e+00	2.999728	0.000000
3.220779e+00	2.999685	0.000000
3.218689e+00	2.999642	0.000000
3.216602e+00	2.999599	0.000000
3.214517e+00	2.999556	0.000000
3.212435e+00	2.999513	0.000000
3.210356e+00	2.999470	0.000000
3.208279e+00	2.999428	0.000000
3.206206e+00	2.999385	0.000000
3.204134e+00	2.999343	0.000000
3.202066e+00	2.999301	0.000000
3.200000e+00	2.999258	0.000000
3.197937e+00	2.999216	0.000000
3.195876e+00	2.999174	0.000000
3.193818e+00	2.999132	0.000000
3.191763e+00	2.999091	0.000000
3.189711e+00	2.999049	0.000000
3.187661e+00	2.999007	0.000000
3.185613e+00	2.998966	0.000000
3.183569e+00	2.998925	0.000000
3.181527e+00	2.998883	0.000000
3.179487e+00	2.998842	0.000000
3.177450e+00	2.998801	0.000000
3.175416e+00	2.998760	0.000000
3.173385e+00	2.998719	0.000000
3.171355e+00	2.998678	0.000000
3.169329e+00	2.998638	0.000000
3.167305e+00	2.998597	0.000000
3.165284e+00	2.998557	0.000000
3.163265e+00	2.998516	0.000000
3.161249e+00	2.998476	0.000000
3.159236e+00	2.998436	0.000000
3.157225e+00	2.998396	0.000000
3.155216e+00	2.998356	0.000000
3.153210e+00	2.998316	0.000000
3.151207e+00	2.998276	0.000000
3.149206e+00	2.998237	0.000000
3.147208e+00	2.998197	0.000000
3.145212e+00	2.998157	0.000000
3.143219e+00	2.998118	0.000000
3.141229e+00	2.998079	0.000000
3.139241e+00	2.998040	0.000000
3.137255e+00	2.998000	0.000000
3.135272e+00	2.997961	0.000000
3.133291e+00	2.997922	0.000000
3.131313e+00	2.997884	0.000000
3.129338e+00	2.997845	0.000000
3.127364e+00	2.997806	0.000000
3.125394e+00	2.997768	0.000000
3.123426e+00	2.997729	0.000000
3.121460e+00	2.997691	0.000000
3.119497e+00	2.997653	0.000000
3.117536e+00	2.997614	0.000000
3.115578e+00	2.997576	0.000000
3.113622e+00	2.997538	0.000000
3.111669e+00	2.997500	0.000000
3.109718e+00	2.997462	0.000000
3.107769e+00	2.997425	0.000000
3.105823e+00	2.997387	0.000000
3.103880e+00	2.997350	0.000000
3.101939e+00	2.997312	0.000000
3.100000e+00	2.997275	0.000000
3.098064e+00	2.997237	0.000000
3.096130e+00	2.997200	0.000000
3.094198e+00	2.997163	0.000000
