Wavelength(nm)	n	k
1.870000e+02	2.619769	0.101364
1.874269e+02	2.619824	0.100519
1.878537e+02	2.619894	0.099652
1.882806e+02	2.619980	0.098762
1.887074e+02	2.620081	0.097848
1.891343e+02	2.620197	0.096909
1.895611e+02	2.620329	0.095944
1.899880e+02	2.620474	0.094953
1.904148e+02	2.620634	0.093935
1.908417e+02	2.620808	0.092889
1.912685e+02	2.620996	0.091813
1.916954e+02	2.621198	0.090707
1.921222e+02	2.621413	0.089570
1.925491e+02	2.621642	0.088399
1.929760e+02	2.621883	0.087195
1.934028e+02	2.622138	0.085954
1.938297e+02	2.622405	0.084676
1.942565e+02	2.622684	0.083359
1.946834e+02	2.622977	0.082001
1.951102e+02	2.623281	0.080599
1.955371e+02	2.623597	0.079152
1.959639e+02	2.623925	0.077656
1.963908e+02	2.624265	0.076109
1.968176e+02	2.624616	0.074507
1.972445e+02	2.624979	0.072847
1.976713e+02	2.625353	0.071124
1.980982e+02	2.625738	0.069334
1.985251e+02	2.626133	0.067471
1.989519e+02	2.626540	0.065530
1.993788e+02	2.626957	0.063501
1.998056e+02	2.627385	0.061378
2.002325e+02	2.627823	0.059150
2.006593e+02	2.628271	0.056803
2.010862e+02	2.628729	0.054323
2.015130e+02	2.629197	0.051691
2.019399e+02	2.629675	0.048881
2.023667e+02	2.630163	0.045860
2.027936e+02	2.630660	0.042585
2.032204e+02	2.631167	0.038990
2.036473e+02	2.631683	0.034977
2.040741e+02	2.632209	0.030381
2.045010e+02	2.632743	0.024879
2.049279e+02	2.633287	0.017645
2.053547e+02	2.633761	0.000080
2.057816e+02	2.616656	0.000004
2.062084e+02	2.609804	0.000004
2.066353e+02	2.604637	0.000004
2.070621e+02	2.600340	0.000004
2.074890e+02	2.596595	0.000004
2.079158e+02	2.593243	0.000004
2.083427e+02	2.590186	0.000004
2.087695e+02	2.587364	0.000004
2.091964e+02	2.584732	0.000004
2.096232e+02	2.582260	0.000003
2.100501e+02	2.579924	0.000003
2.104770e+02	2.577706	0.000003
2.109038e+02	2.575592	0.000003
2.113307e+02	2.573569	0.000003
2.117575e+02	2.571628	0.000003
2.121844e+02	2.569761	0.000003
2.126112e+02	2.567961	0.000003
2.130381e+02	2.566222	0.000003
2.134649e+02	2.564539	0.000003
2.138918e+02	2.562909	0.000003
2.143186e+02	2.561326	0.000003
2.147455e+02	2.559789	0.000003
2.151723e+02	2.558293	0.000003
2.155992e+02	2.556836	0.000003
2.160261e+02	2.555416	0.000003
2.164529e+02	2.554031	0.000003
2.168798e+02	2.552678	0.000003
2.173066e+02	2.551356	0.000003
2.177335e+02	2.550064	0.000003
2.181603e+02	2.548799	0.000003
2.185872e+02	2.547561	0.000003
2.190140e+02	2.546348	0.000003
2.194409e+02	2.545159	0.000003
2.198677e+02	2.543994	0.000003
2.202946e+02	2.542850	0.000003
2.207214e+02	2.541728	0.000003
2.211483e+02	2.540626	0.000003
2.215752e+02	2.539543	0.000003
2.220020e+02	2.538480	0.000003
2.224289e+02	2.537434	0.000003
2.228557e+02	2.536406	0.000003
2.232826e+02	2.535395	0.000003
2.237094e+02	2.534400	0.000003
2.241363e+02	2.533421	0.000003
2.245631e+02	2.532457	0.000003
2.249900e+02	2.531507	0.000003
2.254168e+02	2.530572	0.000003
2.258437e+02	2.529651	0.000003
2.262705e+02	2.528744	0.000003
2.266974e+02	2.527849	0.000003
2.271242e+02	2.526967	0.000003
2.275511e+02	2.526098	0.000003
2.279780e+02	2.525240	0.000003
2.284048e+02	2.524394	0.000003
2.288317e+02	2.523559	0.000003
2.292585e+02	2.522736	0.000003
2.296854e+02	2.521923	0.000003
2.301122e+02	2.521120	0.000003
2.305391e+02	2.520328	0.000003
2.309659e+02	2.519546	0.000003
2.313928e+02	2.518774	0.000003
2.318196e+02	2.518011	0.000003
2.322465e+02	2.517257	0.000003
2.326733e+02	2.516513	0.000003
2.331002e+02	2.515777	0.000003
2.335271e+02	2.515050	0.000003
2.339539e+02	2.514332	0.000003
2.343808e+02	2.513622	0.000003
2.348076e+02	2.512920	0.000003
2.352345e+02	2.512226	0.000003
2.356613e+02	2.511540	0.000003
2.360882e+02	2.510861	0.000003
2.365150e+02	2.510190	0.000003
2.369419e+02	2.509526	0.000003
2.373687e+02	2.508870	0.000003
2.377956e+02	2.508220	0.000003
2.382224e+02	2.507578	0.000003
2.386493e+02	2.506942	0.000003
2.390762e+02	2.506313	0.000003
2.395030e+02	2.505691	0.000003
2.399299e+02	2.505074	0.000003
2.403567e+02	2.504465	0.000003
2.407836e+02	2.503861	0.000003
2.412104e+02	2.503264	0.000003
2.416373e+02	2.502672	0.000002
2.420641e+02	2.502086	0.000002
2.424910e+02	2.501506	0.000002
2.429178e+02	2.500932	0.000002
2.433447e+02	2.500363	0.000002
2.437715e+02	2.499800	0.000002
2.441984e+02	2.499243	0.000002
2.446253e+02	2.498690	0.000002
2.450521e+02	2.498143	0.000002
2.454790e+02	2.497601	0.000002
2.459058e+02	2.497064	0.000002
2.463327e+02	2.496532	0.000002
2.467595e+02	2.496004	0.000002
2.471864e+02	2.495482	0.000002
2.476132e+02	2.494965	0.000002
2.480401e+02	2.494452	0.000002
2.484669e+02	2.493943	0.000002
2.488938e+02	2.493440	0.000002
2.493206e+02	2.492940	0.000002
2.497475e+02	2.492445	0.000002
2.501743e+02	2.491955	0.000002
2.506012e+02	2.491469	0.000002
2.510281e+02	2.490987	0.000002
2.514549e+02	2.490509	0.000002
2.518818e+02	2.490035	0.000002
2.523086e+02	2.489565	0.000002
2.527355e+02	2.489100	0.000002
2.531623e+02	2.488638	0.000002
2.535892e+02	2.488180	0.000002
2.540160e+02	2.487726	0.000002
2.544429e+02	2.487276	0.000002
2.548697e+02	2.486829	0.000002
2.552966e+02	2.486386	0.000002
2.557234e+02	2.485947	0.000002
2.561503e+02	2.485511	0.000002
2.565772e+02	2.485079	0.000002
2.570040e+02	2.484650	0.000002
2.574309e+02	2.484225	0.000002
2.578577e+02	2.483803	0.000002
2.582846e+02	2.483384	0.000002
2.587114e+02	2.482969	0.000002
2.591383e+02	2.482557	0.000002
2.595651e+02	2.482149	0.000002
2.599920e+02	2.481743	0.000002
2.604188e+02	2.481341	0.000002
2.608457e+02	2.480941	0.000002
2.612725e+02	2.480545	0.000002
2.616994e+02	2.480152	0.000002
2.621263e+02	2.479762	0.000002
2.625531e+02	2.479375	0.000002
2.629800e+02	2.478991	0.000002
2.634068e+02	2.478609	0.000002
2.638337e+02	2.478231	0.000002
2.642605e+02	2.477855	0.000002
2.646874e+02	2.477482	0.000002
2.651142e+02	2.477112	0.000002
2.655411e+02	2.476745	0.000002
2.659679e+02	2.476380	0.000002
2.663948e+02	2.476018	0.000002
2.668216e+02	2.475659	0.000002
2.672485e+02	2.475302	0.000002
2.676754e+02	2.474948	0.000002
2.681022e+02	2.474596	0.000002
2.685291e+02	2.474247	0.000002
2.689559e+02	2.473900	0.000002
2.693828e+02	2.473556	0.000002
2.698096e+02	2.473214	0.000002
2.702365e+02	2.472875	0.000002
2.706633e+02	2.472538	0.000002
2.710902e+02	2.472203	0.000002
2.715170e+02	2.471871	0.000002
2.719439e+02	2.471541	0.000002
2.723707e+02	2.471214	0.000002
2.727976e+02	2.470888	0.000002
2.732244e+02	2.470565	0.000002
2.736513e+02	2.470244	0.000002
2.740782e+02	2.469925	0.000002
2.745050e+02	2.469609	0.000002
2.749319e+02	2.469294	0.000002
2.753587e+02	2.468982	0.000002
2.757856e+02	2.468672	0.000002
2.762124e+02	2.468364	0.000002
2.766393e+02	2.468058	0.000002
2.770661e+02	2.467754	0.000002
2.774930e+02	2.467452	0.000002
2.779198e+02	2.467152	0.000002
2.783467e+02	2.466854	0.000002
2.787735e+02	2.466558	0.000002
2.792004e+02	2.466264	0.000002
2.796273e+02	2.465972	0.000002
2.800541e+02	2.465681	0.000002
2.804810e+02	2.465393	0.000002
2.809078e+02	2.465106	0.000002
2.813347e+02	2.464822	0.000002
2.817615e+02	2.464539	0.000002
2.821884e+02	2.464258	0.000002
2.826152e+02	2.463978	0.000002
2.830421e+02	2.463701	0.000002
2.834689e+02	2.463425	0.000002
2.838958e+02	2.463151	0.000002
2.843226e+02	2.462879	0.000002
2.847495e+02	2.462608	0.000002
2.851764e+02	2.462340	0.000002
2.856032e+02	2.462072	0.000002
2.860301e+02	2.461807	0.000002
2.864569e+02	2.461543	0.000002
2.868838e+02	2.461281	0.000002
2.873106e+02	2.461020	0.000002
2.877375e+02	2.460761	0.000002
2.881643e+02	2.460504	0.000002
2.885912e+02	2.460248	0.000002
2.890180e+02	2.459994	0.000002
2.894449e+02	2.459741	0.000002
2.898717e+02	2.459490	0.000002
2.902986e+02	2.459240	0.000002
2.907255e+02	2.458992	0.000002
2.911523e+02	2.458745	0.000002
2.915792e+02	2.458500	0.000002
2.920060e+02	2.458256	0.000002
2.924329e+02	2.458014	0.000002
2.928597e+02	2.457773	0.000002
2.932866e+02	2.457534	0.000002
2.937134e+02	2.457296	0.000002
2.941403e+02	2.457059	0.000002
2.945671e+02	2.456824	0.000002
2.949940e+02	2.456590	0.000002
2.954208e+02	2.456358	0.000002
2.958477e+02	2.456127	0.000002
2.962745e+02	2.455897	0.000002
2.967014e+02	2.455668	0.000002
2.971283e+02	2.455441	0.000002
2.975551e+02	2.455216	0.000002
2.979820e+02	2.454991	0.000002
2.984088e+02	2.454768	0.000002
2.988357e+02	2.454546	0.000002
2.992625e+02	2.454325	0.000002
2.996894e+02	2.454106	0.000002
3.001162e+02	2.453888	0.000002
3.005431e+02	2.453671	0.000002
3.009699e+02	2.453455	0.000002
3.013968e+02	2.453241	0.000002
3.018236e+02	2.453027	0.000002
3.022505e+02	2.452815	0.000002
3.026774e+02	2.452604	0.000002
3.031042e+02	2.452394	0.000002
3.035311e+02	2.452186	0.000002
3.039579e+02	2.451978	0.000002
3.043848e+02	2.451772	0.000002
3.048116e+02	2.451567	0.000002
3.052385e+02	2.451363	0.000002
3.056653e+02	2.451160	0.000002
3.060922e+02	2.450958	0.000002
3.065190e+02	2.450758	0.000002
3.069459e+02	2.450558	0.000002
3.073727e+02	2.450360	0.000002
3.077996e+02	2.450162	0.000002
3.082265e+02	2.449966	0.000002
3.086533e+02	2.449771	0.000002
3.090802e+02	2.449576	0.000002
3.095070e+02	2.449383	0.000002
3.099339e+02	2.449191	0.000002
3.103607e+02	2.449000	0.000002
3.107876e+02	2.448810	0.000002
3.112144e+02	2.448621	0.000002
3.116413e+02	2.448433	0.000002
3.120681e+02	2.448246	0.000002
3.124950e+02	2.448060	0.000002
3.129218e+02	2.447874	0.000002
3.133487e+02	2.447690	0.000002
3.137756e+02	2.447507	0.000002
3.142024e+02	2.447325	0.000002
3.146293e+02	2.447144	0.000002
3.150561e+02	2.446963	0.000002
3.154830e+02	2.446784	0.000002
3.159098e+02	2.446605	0.000002
3.163367e+02	2.446428	0.000002
3.167635e+02	2.446251	0.000002
3.171904e+02	2.446075	0.000002
3.176172e+02	2.445901	0.000002
3.180441e+02	2.445727	0.000002
3.184709e+02	2.445554	0.000002
3.188978e+02	2.445382	0.000002
3.193246e+02	2.445210	0.000002
3.197515e+02	2.445040	0.000002
3.201784e+02	2.444870	0.000002
3.206052e+02	2.444702	0.000002
3.210321e+02	2.444534	0.000002
3.214589e+02	2.444367	0.000002
3.218858e+02	2.444201	0.000002
3.223126e+02	2.444036	0.000002
3.227395e+02	2.443871	0.000002
3.231663e+02	2.443707	0.000001
3.235932e+02	2.443545	0.000001
3.240200e+02	2.443383	0.000001
3.244469e+02	2.443221	0.000001
3.248737e+02	2.443061	0.000001
3.253006e+02	2.442901	0.000001
3.257275e+02	2.442742	0.000001
3.261543e+02	2.442584	0.000001
3.265812e+02	2.442427	0.000001
3.270080e+02	2.442271	0.000001
3.274349e+02	2.442115	0.000001
3.278617e+02	2.441960	0.000001
3.282886e+02	2.441806	0.000001
3.287154e+02	2.441652	0.000001
3.291423e+02	2.441499	0.000001
3.295691e+02	2.441347	0.000001
3.299960e+02	2.441196	0.000001
3.304228e+02	2.441046	0.000001
3.308497e+02	2.440896	0.000001
3.312766e+02	2.440747	0.000001
3.317034e+02	2.440598	0.000001
3.321303e+02	2.440451	0.000001
3.325571e+02	2.440304	0.000001
3.329840e+02	2.440157	0.000001
3.334108e+02	2.440012	0.000001
3.338377e+02	2.439867	0.000001
3.342645e+02	2.439723	0.000001
3.346914e+02	2.439579	0.000001
3.351182e+02	2.439437	0.000001
3.355451e+02	2.439294	0.000001
3.359719e+02	2.439153	0.000001
3.363988e+02	2.439012	0.000001
3.368257e+02	2.438872	0.000001
3.372525e+02	2.438732	0.000001
3.376794e+02	2.438594	0.000001
3.381062e+02	2.438455	0.000001
3.385331e+02	2.438318	0.000001
3.389599e+02	2.438181	0.000001
3.393868e+02	2.438044	0.000001
3.398136e+02	2.437909	0.000001
3.402405e+02	2.437774	0.000001
3.406673e+02	2.437639	0.000001
3.410942e+02	2.437506	0.000001
3.415210e+02	2.437372	0.000001
3.419479e+02	2.437240	0.000001
3.423747e+02	2.437108	0.000001
3.428016e+02	2.436976	0.000001
3.432285e+02	2.436846	0.000001
3.436553e+02	2.436715	0.000001
3.440822e+02	2.436586	0.000001
3.445090e+02	2.436457	0.000001
3.449359e+02	2.436328	0.000001
3.453627e+02	2.436200	0.000001
3.457896e+02	2.436073	0.000001
3.462164e+02	2.435946	0.000001
3.466433e+02	2.435820	0.000001
3.470701e+02	2.435695	0.000001
3.474970e+02	2.435570	0.000001
3.479238e+02	2.435445	0.000001
3.483507e+02	2.435321	0.000001
3.487776e+02	2.435198	0.000001
3.492044e+02	2.435075	0.000001
3.496313e+02	2.434953	0.000001
3.500581e+02	2.434831	0.000001
3.504850e+02	2.434710	0.000001
3.509118e+02	2.434589	0.000001
3.513387e+02	2.434469	0.000001
3.517655e+02	2.434350	0.000001
3.521924e+02	2.434231	0.000001
3.526192e+02	2.434112	0.000001
3.530461e+02	2.433994	0.000001
3.534729e+02	2.433876	0.000001
3.538998e+02	2.433759	0.000001
3.543267e+02	2.433643	0.000001
3.547535e+02	2.433527	0.000001
3.551804e+02	2.433411	0.000001
3.556072e+02	2.433296	0.000001
3.560341e+02	2.433182	0.000001
3.564609e+02	2.433068	0.000001
3.568878e+02	2.432954	0.000001
3.573146e+02	2.432841	0.000001
3.577415e+02	2.432729	0.000001
3.581683e+02	2.432617	0.000001
3.585952e+02	2.432505	0.000001
3.590220e+02	2.432394	0.000001
3.594489e+02	2.432283	0.000001
3.598758e+02	2.432173	0.000001
3.603026e+02	2.432063	0.000001
3.607295e+02	2.431954	0.000001
3.611563e+02	2.431845	0.000001
3.615832e+02	2.431737	0.000001
3.620100e+02	2.431629	0.000001
3.624369e+02	2.431522	0.000001
3.628637e+02	2.431415	0.000001
3.632906e+02	2.431308	0.000001
3.637174e+02	2.431202	0.000001
3.641443e+02	2.431097	0.000001
3.645711e+02	2.430991	0.000001
3.649980e+02	2.430887	0.000001
3.654248e+02	2.430782	0.000001
3.658517e+02	2.430678	0.000001
3.662786e+02	2.430575	0.000001
3.667054e+02	2.430472	0.000001
3.671323e+02	2.430369	0.000001
3.675591e+02	2.430267	0.000001
3.679860e+02	2.430165	0.000001
3.684128e+02	2.430064	0.000001
3.688397e+02	2.429963	0.000001
3.692665e+02	2.429862	0.000001
3.696934e+02	2.429762	0.000001
3.701202e+02	2.429663	0.000001
3.705471e+02	2.429563	0.000001
3.709739e+02	2.429464	0.000001
3.714008e+02	2.429366	0.000001
3.718277e+02	2.429268	0.000001
3.722545e+02	2.429170	0.000001
3.726814e+02	2.429073	0.000001
3.731082e+02	2.428976	0.000001
3.735351e+02	2.428879	0.000001
3.739619e+02	2.428783	0.000001
3.743888e+02	2.428688	0.000001
3.748156e+02	2.428592	0.000001
3.752425e+02	2.428497	0.000001
3.756693e+02	2.428403	0.000001
3.760962e+02	2.428308	0.000001
3.765230e+02	2.428215	0.000001
3.769499e+02	2.428121	0.000001
3.773768e+02	2.428028	0.000001
3.778036e+02	2.427935	0.000001
3.782305e+02	2.427843	0.000001
3.786573e+02	2.427751	0.000001
3.790842e+02	2.427659	0.000001
3.795110e+02	2.427568	0.000001
3.799379e+02	2.427477	0.000001
3.803647e+02	2.427386	0.000001
3.807916e+02	2.427296	0.000001
3.812184e+02	2.427206	0.000001
3.816453e+02	2.427117	0.000001
3.820721e+02	2.427028	0.000001
3.824990e+02	2.426939	0.000001
3.829259e+02	2.426850	0.000001
3.833527e+02	2.426762	0.000001
3.837796e+02	2.426674	0.000001
3.842064e+02	2.426587	0.000001
3.846333e+02	2.426500	0.000001
3.850601e+02	2.426413	0.000001
3.854870e+02	2.426327	0.000001
3.859138e+02	2.426241	0.000001
3.863407e+02	2.426155	0.000001
3.867675e+02	2.426069	0.000001
3.871944e+02	2.425984	0.000001
3.876212e+02	2.425899	0.000001
3.880481e+02	2.425815	0.000001
3.884749e+02	2.425731	0.000001
3.889018e+02	2.425647	0.000001
3.893287e+02	2.425563	0.000001
3.897555e+02	2.425480	0.000001
3.901824e+02	2.425397	0.000001
3.906092e+02	2.425315	0.000001
3.910361e+02	2.425233	0.000001
3.914629e+02	2.425151	0.000001
3.918898e+02	2.425069	0.000001
3.923166e+02	2.424988	0.000001
3.927435e+02	2.424907	0.000001
3.931703e+02	2.424826	0.000001
3.935972e+02	2.424746	0.000001
3.940240e+02	2.424665	0.000001
3.944509e+02	2.424586	0.000001
3.948778e+02	2.424506	0.000001
3.953046e+02	2.424427	0.000001
3.957315e+02	2.424348	0.000001
3.961583e+02	2.424269	0.000001
3.965852e+02	2.424191	0.000001
3.970120e+02	2.424113	0.000001
3.974389e+02	2.424035	0.000001
3.978657e+02	2.423958	0.000001
3.982926e+02	2.423881	0.000001
3.987194e+02	2.423804	0.000001
3.991463e+02	2.423727	0.000001
3.995731e+02	2.423651	0.000001
4.000000e+02	2.423575	0.000001
