Wavelength	Reflectance
1.500000e+02	33.523041
1.503338e+02	33.546660
1.506676e+02	33.575348
1.510013e+02	33.609012
1.513351e+02	33.638931
1.516689e+02	33.676353
1.520027e+02	33.747656
1.523364e+02	33.835102
1.526702e+02	33.913533
1.530040e+02	33.993951
1.533378e+02	34.099678
1.536716e+02	34.231653
1.540053e+02	34.369107
1.543391e+02	34.517587
1.546729e+02	34.672987
1.550067e+02	34.803695
1.553405e+02	34.890338
1.556742e+02	34.952147
1.560080e+02	35.014004
1.563418e+02	35.076254
1.566756e+02	35.135000
1.570093e+02	35.204715
1.573431e+02	35.330831
1.576769e+02	35.474400
1.580107e+02	35.516583
1.583445e+02	35.450047
1.586782e+02	35.351143
1.590120e+02	35.233418
1.593458e+02	35.092581
1.596796e+02	34.921038
1.600134e+02	34.724470
1.603471e+02	34.499013
1.606809e+02	34.247836
1.610147e+02	33.961203
1.613485e+02	33.665201
1.616822e+02	33.397317
1.620160e+02	33.159317
1.623498e+02	32.961306
1.626836e+02	32.773395
1.630174e+02	32.544807
1.633511e+02	32.178857
1.636849e+02	31.744481
1.640187e+02	31.409192
1.643525e+02	31.216112
1.646862e+02	31.057364
1.650200e+02	30.846471
1.653538e+02	30.418811
1.656876e+02	29.891520
1.660214e+02	29.560468
1.663551e+02	29.443093
1.666889e+02	29.363348
1.670227e+02	29.260037
1.673565e+02	29.072914
1.676903e+02	28.832202
1.680240e+02	28.604354
1.683578e+02	28.404253
1.686916e+02	28.211062
1.690254e+02	28.023792
1.693591e+02	27.833113
1.696929e+02	27.645312
1.700267e+02	27.477905
1.703605e+02	27.336822
1.706943e+02	27.209360
1.710280e+02	27.075260
1.713618e+02	26.872918
1.716956e+02	26.632034
1.720294e+02	26.454552
1.723632e+02	26.359546
1.726969e+02	26.282697
1.730307e+02	26.182637
1.733645e+02	26.013566
1.736983e+02	25.813527
1.740320e+02	25.656908
1.743658e+02	25.547278
1.746996e+02	25.440577
1.750334e+02	25.317837
1.753672e+02	25.161333
1.757009e+02	24.979663
1.760347e+02	24.791708
1.763685e+02	24.566524
1.767023e+02	24.352383
1.770360e+02	24.233330
1.773698e+02	24.170668
1.777036e+02	24.109638
1.780374e+02	24.049628
1.783712e+02	23.937160
1.787049e+02	23.806628
1.790387e+02	23.725858
1.793725e+02	23.679352
1.797063e+02	23.649352
1.800401e+02	23.647820
1.803738e+02	23.663247
1.807076e+02	23.683110
1.810414e+02	23.705745
1.813752e+02	23.738226
1.817089e+02	23.766771
1.820427e+02	23.785383
1.823765e+02	23.803467
1.827103e+02	23.825369
1.830441e+02	23.846294
1.833778e+02	23.843454
1.837116e+02	23.828612
1.840454e+02	23.838778
1.843792e+02	23.862746
1.847130e+02	23.879202
1.850467e+02	23.892790
1.853805e+02	23.879964
1.857143e+02	23.839540
1.860481e+02	23.796651
1.863818e+02	23.751109
1.867156e+02	23.705004
1.870494e+02	23.680039
1.873832e+02	23.673236
1.877170e+02	23.668558
1.880507e+02	23.657393
1.883845e+02	23.635215
1.887183e+02	23.611445
1.890521e+02	23.592808
1.893858e+02	23.576188
1.897196e+02	23.557784
1.900534e+02	23.535565
1.903872e+02	23.513966
1.907210e+02	23.493190
1.910547e+02	23.470883
1.913885e+02	23.483251
1.917223e+02	23.526741
1.920561e+02	23.567537
1.923899e+02	23.604759
1.927236e+02	23.644214
1.930574e+02	23.679336
1.933912e+02	23.706549
1.937250e+02	23.737289
1.940587e+02	23.786917
1.943925e+02	23.868628
1.947263e+02	23.974038
1.950601e+02	24.089802
1.953939e+02	24.220190
1.957276e+02	24.363536
1.960614e+02	24.511976
1.963952e+02	24.673780
1.967290e+02	24.853626
1.970628e+02	25.048608
1.973965e+02	25.282222
1.977303e+02	25.580669
1.980641e+02	25.940913
1.983979e+02	26.401932
1.987316e+02	26.922637
1.990654e+02	27.375790
1.993992e+02	27.781845
1.997330e+02	28.097179
2.000668e+02	28.393602
2.004005e+02	30.889009
2.007343e+02	38.910771
2.010681e+02	49.030286
2.014019e+02	55.993232
2.017356e+02	58.059952
2.020694e+02	53.910343
2.024032e+02	48.987170
2.027370e+02	44.049557
2.030708e+02	36.841492
2.034045e+02	26.896445
2.037383e+02	17.580670
2.040721e+02	13.160585
2.044059e+02	11.753613
2.047397e+02	12.602640
2.050734e+02	15.257660
2.054072e+02	19.761180
2.057410e+02	25.014589
2.060748e+02	29.554283
2.064085e+02	33.223800
2.067423e+02	36.520234
2.070761e+02	39.766243
2.074099e+02	42.919362
2.077437e+02	45.886353
2.080774e+02	48.672401
2.084112e+02	51.271522
2.087450e+02	53.679640
2.090788e+02	55.901106
2.094126e+02	57.943489
2.097463e+02	59.816105
2.100801e+02	61.528993
2.104139e+02	63.092807
2.107477e+02	64.517868
2.110814e+02	65.814169
2.114152e+02	66.991414
2.117490e+02	68.058618
2.120828e+02	69.023855
2.124166e+02	69.894704
2.127503e+02	70.678101
2.130841e+02	71.380116
2.134179e+02	72.006350
2.137517e+02	72.561760
2.140854e+02	73.050912
2.144192e+02	73.477820
2.147530e+02	73.845667
2.150868e+02	74.157536
2.154206e+02	74.416116
2.157543e+02	74.623679
2.160881e+02	74.782028
2.164219e+02	74.892735
2.167557e+02	74.957052
2.170895e+02	74.975890
2.174232e+02	74.949945
2.177570e+02	74.879649
2.180908e+02	74.765217
2.184246e+02	74.606536
2.187583e+02	74.403019
2.190921e+02	74.154245
2.194259e+02	73.859431
2.197597e+02	73.517471
2.200935e+02	73.126990
2.204272e+02	72.686417
2.207610e+02	72.194027
2.210948e+02	71.647803
2.214286e+02	71.045472
2.217623e+02	70.384554
2.220961e+02	69.662417
2.224299e+02	68.876107
2.227637e+02	68.022426
2.230975e+02	67.098153
2.234312e+02	66.099759
2.237650e+02	65.023818
2.240988e+02	63.866855
2.244326e+02	62.625182
2.247664e+02	61.295646
2.251001e+02	59.875098
2.254339e+02	58.360371
2.257677e+02	56.749202
2.261015e+02	55.039965
2.264352e+02	53.231745
2.267690e+02	51.324997
2.271028e+02	49.321414
2.274366e+02	47.223792
2.277704e+02	45.037733
2.281041e+02	42.770957
2.284379e+02	40.433085
2.287717e+02	38.036725
2.291055e+02	35.597498
2.294393e+02	33.134304
2.297730e+02	30.668416
2.301068e+02	28.223932
2.304406e+02	25.828032
2.307744e+02	23.509425
2.311081e+02	21.298401
2.314419e+02	19.224769
2.317757e+02	17.318172
2.321095e+02	15.606667
2.324433e+02	14.116133
2.327770e+02	12.867561
2.331108e+02	11.878268
2.334446e+02	11.159060
2.337784e+02	10.716857
2.341121e+02	10.551455
2.344459e+02	10.657324
2.347797e+02	11.025202
2.351135e+02	11.639832
2.354473e+02	12.483120
2.357810e+02	13.534981
2.361148e+02	14.770985
2.364486e+02	16.169240
2.367824e+02	17.704706
2.371162e+02	19.354223
2.374499e+02	21.095381
2.377837e+02	22.907163
2.381175e+02	24.770446
2.384513e+02	26.664653
2.387850e+02	28.577436
2.391188e+02	30.492486
2.394526e+02	32.398939
2.397864e+02	34.284709
2.401202e+02	36.141512
2.404539e+02	37.962642
2.407877e+02	39.740859
2.411215e+02	41.471888
2.414553e+02	43.151966
2.417891e+02	44.778002
2.421228e+02	46.347762
2.424566e+02	47.859994
2.427904e+02	49.314469
2.431242e+02	50.710212
2.434579e+02	52.047755
2.437917e+02	53.327992
2.441255e+02	54.551156
2.444593e+02	55.719098
2.447931e+02	56.832174
2.451268e+02	57.893028
2.454606e+02	58.902412
2.457944e+02	59.862786
2.461282e+02	60.774984
2.464619e+02	61.641297
2.467957e+02	62.463238
2.471295e+02	63.242711
2.474633e+02	63.981648
2.477971e+02	64.681716
2.481308e+02	65.344366
2.484646e+02	65.971278
2.487984e+02	66.564446
2.491322e+02	67.125057
2.494660e+02	67.654384
2.497997e+02	68.154290
2.501335e+02	68.626051
2.504673e+02	69.070838
2.508011e+02	69.489895
2.511348e+02	69.884473
2.514686e+02	70.255683
2.518024e+02	70.604509
2.521362e+02	70.931963
2.524700e+02	71.238954
2.528037e+02	71.526451
2.531375e+02	71.795257
2.534713e+02	72.046201
2.538051e+02	72.279959
2.541389e+02	72.497138
2.544726e+02	72.698661
2.548064e+02	72.885065
2.551402e+02	73.056799
2.554740e+02	73.214377
2.558077e+02	73.358264
2.561415e+02	73.488933
2.564753e+02	73.606797
2.568091e+02	73.712186
2.571429e+02	73.805432
2.574766e+02	73.886889
2.578104e+02	73.956789
2.581442e+02	74.015336
2.584780e+02	74.062670
2.588117e+02	74.098929
2.591455e+02	74.124316
2.594793e+02	74.138972
2.598131e+02	74.142756
2.601469e+02	74.135766
2.604806e+02	74.118124
2.608144e+02	74.089643
2.611482e+02	74.050029
2.614820e+02	73.999368
2.618158e+02	73.937635
2.621495e+02	73.864469
2.624833e+02	73.779669
2.628171e+02	73.682803
2.631509e+02	73.573676
2.634846e+02	73.452232
2.638184e+02	73.317990
2.641522e+02	73.170394
2.644860e+02	73.009135
2.648198e+02	72.833810
2.651535e+02	72.643963
2.654873e+02	72.439049
2.658211e+02	72.218737
2.661549e+02	71.982461
2.664887e+02	71.729696
2.668224e+02	71.459883
2.671562e+02	71.172593
2.674900e+02	70.867214
2.678238e+02	70.543175
2.681575e+02	70.200033
2.684913e+02	69.837213
2.688251e+02	69.454276
2.691589e+02	69.050602
2.694927e+02	68.625833
2.698264e+02	68.179315
2.701602e+02	67.710771
2.704940e+02	67.219602
2.708278e+02	66.705622
2.711615e+02	66.168342
2.714953e+02	65.607572
2.718291e+02	65.022901
2.721629e+02	64.413966
2.724967e+02	63.780900
2.728304e+02	63.123910
2.731642e+02	62.442540
2.734980e+02	61.736365
2.738318e+02	61.006065
2.741656e+02	60.251725
2.744993e+02	59.473849
2.748331e+02	58.672583
2.751669e+02	57.848050
2.755007e+02	57.000580
2.758344e+02	56.131771
2.761682e+02	55.241987
2.765020e+02	54.331785
2.768358e+02	53.401933
2.771696e+02	52.453571
2.775033e+02	51.487721
2.778371e+02	50.505845
2.781709e+02	49.508821
2.785047e+02	48.497721
2.788385e+02	47.473995
2.791722e+02	46.439216
2.795060e+02	45.394319
2.798398e+02	44.340557
2.801736e+02	43.279188
2.805073e+02	42.211930
2.808411e+02	41.139251
2.811749e+02	40.062781
2.815087e+02	38.983086
2.818425e+02	37.902023
2.821762e+02	36.820391
2.825100e+02	35.740520
2.828438e+02	34.661574
2.831776e+02	33.585943
2.835113e+02	32.514600
2.838451e+02	31.450472
2.841789e+02	30.393701
2.845127e+02	29.347969
2.848465e+02	28.313189
2.851802e+02	27.294205
2.855140e+02	26.289514
2.858478e+02	25.308181
2.861816e+02	24.344906
2.865154e+02	23.409829
2.868491e+02	22.507575
2.871829e+02	21.629988
2.875167e+02	20.790868
2.878505e+02	19.985437
2.881842e+02	19.222643
2.885180e+02	18.499474
2.888518e+02	17.822126
2.891856e+02	17.188419
2.895194e+02	16.603784
2.898531e+02	16.065867
2.901869e+02	15.578437
2.905207e+02	15.138930
2.908545e+02	14.749346
2.911883e+02	14.407405
2.915220e+02	14.115519
2.918558e+02	13.870614
2.921896e+02	13.672960
2.925234e+02	13.519825
2.928571e+02	13.411577
2.931909e+02	13.345254
2.935247e+02	13.320266
2.938585e+02	13.333864
2.941923e+02	13.385256
2.945260e+02	13.471876
2.948598e+02	13.593176
2.951936e+02	13.746598
2.955274e+02	13.930263
2.958611e+02	14.142107
2.961949e+02	14.381486
2.965287e+02	14.646369
2.968625e+02	14.935002
2.971963e+02	15.245685
2.975300e+02	15.577042
2.978638e+02	15.927569
2.981976e+02	16.296091
2.985314e+02	16.681288
2.988652e+02	17.081790
2.991989e+02	17.496446
2.995327e+02	17.923902
2.998665e+02	18.363095
3.002003e+02	18.812977
3.005340e+02	19.272649
3.008678e+02	19.741033
3.012016e+02	20.217314
3.015354e+02	20.700465
3.018692e+02	21.189681
3.022029e+02	21.684140
3.025367e+02	22.183054
3.028705e+02	22.685850
3.032043e+02	23.192016
3.035381e+02	23.700841
3.038718e+02	24.211318
3.042056e+02	24.723407
3.045394e+02	25.236350
3.048732e+02	25.749495
3.052069e+02	26.262763
3.055407e+02	26.775456
3.058745e+02	27.287300
3.062083e+02	27.797793
3.065421e+02	28.306628
3.068758e+02	28.813391
3.072096e+02	29.317887
3.075434e+02	29.819783
3.078772e+02	30.318841
3.082109e+02	30.814761
3.085447e+02	31.307303
3.088785e+02	31.796087
3.092123e+02	32.281102
3.095461e+02	32.762312
3.098798e+02	33.239073
3.102136e+02	33.711415
3.105474e+02	34.179475
3.108812e+02	34.642677
3.112150e+02	35.101125
3.115487e+02	35.554604
3.118825e+02	36.003138
3.122163e+02	36.446460
3.125501e+02	36.884570
3.128838e+02	37.317352
3.132176e+02	37.744795
3.135514e+02	38.166792
3.138852e+02	38.583269
3.142190e+02	38.994211
3.145527e+02	39.399573
3.148865e+02	39.799332
3.152203e+02	40.193332
3.155541e+02	40.581639
3.158879e+02	40.964188
3.162216e+02	41.341023
3.165554e+02	41.712145
3.168892e+02	42.077606
3.172230e+02	42.437317
3.175567e+02	42.791302
3.178905e+02	43.139559
3.182243e+02	43.482075
3.185581e+02	43.818917
3.188919e+02	44.150121
3.192256e+02	44.475721
3.195594e+02	44.795674
3.198932e+02	45.110042
3.202270e+02	45.418867
3.205607e+02	45.722228
3.208945e+02	46.020108
3.212283e+02	46.312531
3.215621e+02	46.599594
3.218959e+02	46.881375
3.222296e+02	47.157899
3.225634e+02	47.429164
3.228972e+02	47.695243
3.232310e+02	47.956202
3.235648e+02	48.212114
3.238985e+02	48.462994
3.242323e+02	48.708888
3.245661e+02	48.949885
3.248999e+02	49.186055
3.252336e+02	49.417443
3.255674e+02	49.644101
3.259012e+02	49.866088
3.262350e+02	50.083465
3.265688e+02	50.296294
3.269025e+02	50.504647
3.272363e+02	50.708583
3.275701e+02	50.908167
3.279039e+02	51.103452
3.282377e+02	51.294495
3.285714e+02	51.481358
3.289052e+02	51.664095
3.292390e+02	51.842797
3.295728e+02	52.017520
3.299065e+02	52.188303
3.302403e+02	52.355175
3.305741e+02	52.518243
3.309079e+02	52.677585
3.312417e+02	52.833244
3.315754e+02	52.985298
3.319092e+02	53.133781
3.322430e+02	53.278764
3.325768e+02	53.420285
3.329105e+02	53.558415
3.332443e+02	53.693193
3.335781e+02	53.824696
3.339119e+02	53.953019
3.342457e+02	54.078183
3.345794e+02	54.200254
3.349132e+02	54.319252
3.352470e+02	54.435278
3.355808e+02	54.548374
3.359146e+02	54.658593
3.362483e+02	54.765987
3.365821e+02	54.870593
3.369159e+02	54.972523
3.372497e+02	55.071787
3.375834e+02	55.168465
3.379172e+02	55.262570
3.382510e+02	55.354176
3.385848e+02	55.443353
3.389186e+02	55.530111
3.392523e+02	55.614539
3.395861e+02	55.696630
3.399199e+02	55.776485
3.402537e+02	55.854111
3.405874e+02	55.929579
3.409212e+02	56.002958
3.412550e+02	56.074244
3.415888e+02	56.143542
3.419226e+02	56.210819
3.422563e+02	56.276192
3.425901e+02	56.339667
3.429239e+02	56.401292
3.432577e+02	56.461138
3.435915e+02	56.519173
3.439252e+02	56.575547
3.442590e+02	56.630181
3.445928e+02	56.683237
3.449266e+02	56.734723
3.452603e+02	56.784653
3.455941e+02	56.833179
3.459279e+02	56.880148
3.462617e+02	56.925877
3.465955e+02	56.970099
3.469292e+02	57.013153
3.472630e+02	57.055131
3.475968e+02	57.095672
3.479306e+02	57.135421
3.482644e+02	57.174096
3.485981e+02	57.211382
3.489319e+02	57.247908
3.492657e+02	57.283841
3.495995e+02	57.318758
3.499332e+02	57.353182
3.502670e+02	57.386809
3.506008e+02	57.419877
3.509346e+02	57.452400
3.512684e+02	57.484338
3.516021e+02	57.515900
3.519359e+02	57.546903
3.522697e+02	57.577558
3.526035e+02	57.607739
3.529372e+02	57.637476
3.532710e+02	57.666816
3.536048e+02	57.695536
3.539386e+02	57.723842
3.542724e+02	57.751363
3.546061e+02	57.778224
3.549399e+02	57.804251
3.552737e+02	57.829107
3.556075e+02	57.853175
3.559413e+02	57.875338
3.562750e+02	57.896656
3.566088e+02	57.915674
3.569426e+02	57.930979
3.572764e+02	57.945618
3.576101e+02	57.959256
3.579439e+02	57.968209
3.582777e+02	57.973639
3.586115e+02	57.976535
3.589453e+02	57.974504
3.592790e+02	57.969127
3.596128e+02	57.958721
3.599466e+02	57.943505
3.602804e+02	57.923491
3.606142e+02	57.897394
3.609479e+02	57.866083
3.612817e+02	57.828220
3.616155e+02	57.784048
3.619493e+02	57.733450
3.622830e+02	57.675476
3.626168e+02	57.610796
3.629506e+02	57.538333
3.632844e+02	57.458284
3.636182e+02	57.370565
3.639519e+02	57.274464
3.642857e+02	57.170504
3.646195e+02	57.057900
3.649533e+02	56.936829
3.652870e+02	56.807336
3.656208e+02	56.668929
3.659546e+02	56.521911
3.662884e+02	56.365886
3.666222e+02	56.200910
3.669559e+02	56.027048
3.672897e+02	55.844139
3.676235e+02	55.652295
3.679573e+02	55.451683
3.682911e+02	55.242131
3.686248e+02	55.023546
3.689586e+02	54.796339
3.692924e+02	54.560076
3.696262e+02	54.315578
3.699599e+02	54.062623
3.702937e+02	53.800762
3.706275e+02	53.531696
3.709613e+02	53.253471
3.712951e+02	52.968619
3.716288e+02	52.676453
3.719626e+02	52.372547
3.722964e+02	52.064024
3.726302e+02	51.752554
3.729640e+02	51.433153
3.732977e+02	51.103935
3.736315e+02	50.772055
3.739653e+02	50.432625
3.742991e+02	50.087531
3.746328e+02	49.739087
3.749666e+02	49.384335
3.753004e+02	49.026486
3.756342e+02	48.664292
3.759680e+02	48.298123
3.763017e+02	47.929807
3.766355e+02	47.557701
3.769693e+02	47.183599
3.773031e+02	46.807556
3.776368e+02	46.429217
3.779706e+02	46.050203
3.783044e+02	45.669596
3.786382e+02	45.288253
3.789720e+02	44.906821
3.793057e+02	44.524656
3.796395e+02	44.142947
3.799733e+02	43.761407
3.803071e+02	43.380191
3.806409e+02	43.000008
3.809746e+02	42.620341
3.813084e+02	42.241744
3.816422e+02	41.864373
3.819760e+02	41.487984
3.823097e+02	41.113044
3.826435e+02	40.739328
3.829773e+02	40.366928
3.833111e+02	39.996050
3.836449e+02	39.626466
3.839786e+02	39.258297
3.843124e+02	38.891506
3.846462e+02	38.526012
3.849800e+02	38.161916
3.853138e+02	37.799164
3.856475e+02	37.437601
3.859813e+02	37.077093
3.863151e+02	36.717627
3.866489e+02	36.359204
3.869826e+02	36.001821
3.873164e+02	35.645409
3.876502e+02	35.289882
3.879840e+02	34.935222
3.883178e+02	34.581414
3.886515e+02	34.228457
3.889853e+02	33.876346
3.893191e+02	33.524911
3.896529e+02	33.174061
3.899866e+02	32.823875
3.903204e+02	32.474423
3.906542e+02	32.125746
3.909880e+02	31.777738
3.913218e+02	31.430288
3.916555e+02	31.083435
3.919893e+02	30.737274
3.923231e+02	30.391871
3.926569e+02	30.047198
3.929907e+02	29.703222
3.933244e+02	29.359948
3.936582e+02	29.017412
3.939920e+02	28.675651
3.943258e+02	28.334677
3.946595e+02	27.994510
3.949933e+02	27.655165
3.953271e+02	27.316663
3.956609e+02	26.979065
3.959947e+02	26.642396
3.963284e+02	26.306679
3.966622e+02	25.971963
3.969960e+02	25.638267
3.973298e+02	25.305616
3.976636e+02	24.974036
3.979973e+02	24.643540
3.983311e+02	24.314204
3.986649e+02	23.986093
3.989987e+02	23.659205
3.993324e+02	23.333539
3.996662e+02	23.009092
4.000000e+02	22.685928
