150	2.70196779843818	1.59793593856207
151	2.7493501110734	1.58329929035598
152	2.8079172075624	1.56599593543918
153	2.84646992668669	1.56654799967873
154	2.88536868140367	1.57756036528195
155	2.92614357719646	1.59297225656217
156	2.99983786861472	1.57012968093287
157	3.08122355324479	1.53759497786322
158	3.22154392677287	1.47062215162434
159	3.26706544980627	1.40391953356343
160	3.32985226926613	1.2883619112828
161	3.38643284602114	1.12924559274124
162	3.38060003245037	1.02190263763179
163	3.36817434391072	0.946480150202488
164	3.33009056699492	0.820992100278876
165	3.30451282233301	0.768138554251197
166	3.23054002642595	0.673562313302785
167	3.21580114893332	0.646345880576382
168	3.16911219568142	0.616310508354797
169	3.1251155814587	0.591659291245027
170	3.08995457766173	0.550551953564336
171	3.0668532760838	0.506370304180295
172	3.02136971289887	0.486584503553383
173	3.00551281436388	0.477157410802108
174	2.97441954350581	0.466680603046405
175	2.96261533542334	0.445116047901971
176	2.93795982075504	0.429492767594275
177	2.90451114912999	0.41773916994363
178	2.90163249450911	0.401437349756229
179	2.87300503979846	0.390064879745562
180	2.86224834277189	0.377059148160321
181	2.84897477457125	0.375966224130786
182	2.82988911362738	0.387180503002461
183	2.82001136381613	0.37599097009716
184	2.79692382640457	0.366445348493661
185	2.79675145378801	0.371974897943189
186	2.78575622749666	0.376829818091463
187	2.77305855055057	0.36936837964295
188	2.77026240927267	0.360853800823421
189	2.77238494331257	0.369578902240294
190	2.77364606021052	0.37174103907376
191	2.77383361947281	0.365842210609123
192	2.78204989428943	0.358976423702024
193	2.7918196505595	0.353434633386692
194	2.80220872602777	0.353028955501003
195	2.82190830006302	0.358865108338789
196	2.84748420961847	0.363867877652579
197	2.87450956762123	0.352751663985443
198	2.90266910540036	0.318447870755247
199	2.94509672682561	0.285750208070451
200	2.99225953516172	0.274743344557638
201	2.98618464934125	0.0849565940217046
202	2.86819564362082	0.0208262667604586
203	2.82695774111883	0.0211300673959285
204	2.74510881786323	3.00095828596747E-4
205	2.71905354312388	1.41121336749569E-4
206	2.69535419029652	0
207	2.68503908782913	0
208	2.67516091790078	0
209	2.66526783747643	0
210	2.65536892591075	0
211	2.64547317625453	0
212	2.63558947573595	0
213	2.62572658671415	0
214	2.61589312815993	0
215	2.60609755771545	0
216	2.59634815438292	0
217	2.58665300188957	0
218	2.57701997277344	0
219	2.56745671323191	0
220	2.55797062877168	0
221	2.54856887069617	0
222	2.53925832346285	0
223	2.53004559293988	0
224	2.52093699558827	0
225	2.51193854859195	0
226	2.50305596095524	0
227	2.49429462558323	0
228	2.4856596123575	0
229	2.47715566221567	0
230	2.46878718224016	0
231	2.46055824175779	0
232	2.45247256944848	0
233	2.44453355145787	0
234	2.43674423050525	0
235	2.42910730597509	0
236	2.42162513497702	0
237	2.41429973435606	0
238	2.40713278363195	0
239	2.4001256288434	0
240	2.3932792872704	0
241	2.386594453005	0
242	2.38007150333848	0
243	2.37371050593049	0
244	2.36751122672341	0
245	2.36147313856346	0
246	2.35559543048767	0
247	2.34987701763472	0
248	2.34431655173573	0
249	2.33891243213984	0
250	2.33366281732833	0
251	2.32856563687015	0
252	2.32361860377058	0
253	2.31881922716469	0
254	2.31416482530641	0
255	2.30965253880411	0
256	2.30527934405341	0
257	2.30104206681827	0
258	2.29693739591151	0
259	2.29296189692668	0
260	2.28911202597389	0
261	2.28538414337282	0
262	2.28177452725746	0
263	2.27827938704827	0
264	2.27489487674848	0
265	2.27161710802334	0
266	2.26844216302203	0
267	2.26536610690423	0
268	2.26238500003497	0
269	2.25949490981341	0
270	2.25669192210309	0
271	2.2539721522337	0
272	2.25133175554633	0
273	2.24876693745646	0
274	2.24627396301163	0
275	2.24384916592272	0
276	2.24148895705052	0
277	2.23918983233149	0
278	2.2369483801294	0
279	2.23476128800158	0
280	2.23262534887158	0
281	2.23053746660185	0
282	2.22849466096308	0
283	2.22649407199887	0
284	2.22453296378692	0
285	2.22260872760017	0
286	2.22071888447373	0
287	2.21886108718539	0
288	2.21703312165978	0
289	2.21523290780818	0
290	2.21345849981806	0
291	2.21170808590795	0
292	2.2099799875654	0
293	2.20827265828704	0
294	2.20658468184138	0
295	2.20491477007656	0
296	2.2032617602962	0
297	2.20162461222788	0
298	2.20000240460981	0
299	2.19839433142192	0
300	2.19679969778862	0
301	2.19521791558098	0
302	2.19364849874645	0
303	2.19209105839504	0
304	2.19054529767051	0
305	2.18901100643576	0
306	2.18748805580132	0
307	2.18597639252582	0
308	2.18447603331689	0
309	2.18298705906086	0
310	2.18150960900885	0
311	2.18004387494648	0
312	2.17859009537355	0
313	2.17714854971931	0
314	2.17571955261825	0
315	2.17430344826996	0
316	2.17290060490595	0
317	2.17151140938497	0
318	2.1701362619373	0
319	2.16877557107711	0
320	2.16742974870078	0
321	2.1660992053877	0
322	2.16478434591859	0
323	2.16348556502513	0
324	2.16220324338308	0
325	2.1609377438596	0
326	2.15968940802417	0
327	2.15845855293086	0
328	2.15724546817827	0
329	2.15605041325194	0
330	2.15487361515274	0
331	2.15371526631314	0
332	2.15257552280186	0
333	2.15145450281615	0
334	2.15035228545956	0
335	2.14926890980169	0
336	2.14820437421531	0
337	2.14715863598493	0
338	2.14613161117987	0
339	2.14512317478379	0
340	2.14413316107155	0
341	2.14316136422355	0
342	2.14220753916656	0
343	2.14127140262952	0
344	2.14035263440204	0
345	2.13945087878242	0
346	2.13856574620193	0
347	2.13769681501119	0
348	2.13684363341443	0
349	2.13600572153673	0
350	2.13518257360957	0
351	2.13437366025943	0
352	2.1335784308843	0
353	2.13279631610308	0
354	2.13202673026263	0
355	2.13126907398758	0
356	2.13052273675824	0
357	2.12978709950199	0
358	2.12906153718427	0
359	2.12834542138523	0
360	2.12763812284901	0
361	2.1269390139927	0
362	2.12624747136308	0
363	2.12556287802922	0
364	2.12488462590046	0
365	2.1242121179591	0
366	2.1235447703987	0
367	2.12288201465888	0
368	2.12222329934892	0
369	2.12156809205274	0
370	2.12091588100905	0
371	2.12026617666093	0
372	2.11961851307025	0
373	2.11897244919287	0
374	2.11832757001157	0
375	2.11768348752449	0
376	2.11703984158747	0
377	2.11639630060969	0
378	2.11575256210268	0
379	2.11510835308354	0
380	2.11446343033391	0
381	2.11381758051702	0
382	2.11317062015567	0
383	2.11252239547487	0
384	2.1118727821131	0
385	2.1112216847072	0
386	2.11056903635587	0
387	2.10991479796783	0
388	2.1092589575006	0
389	2.10860152909663	0
390	2.10794255212363	0
391	2.10728209012647	0
392	2.10662022969801	0
393	2.10595707927671	0
394	2.10529276787889	0
395	2.10462744377358	0
396	2.10396127310816	0
397	2.10329443849282	0
398	2.10262713755211	0
399	2.10195958145138	0
400	2.10129199340642	0
401	2.10062460718383	0
402	2.09995766560004	0
403	2.09929141902624	0
404	2.09862612390656	0
405	2.09796204129653	0
406	2.09729943542821	0
407	2.09663857230867	0
408	2.09597971835744	0
409	2.0953231390889	0
410	2.09466909784447	0
411	2.09401785457972	0
412	2.09336966471048	0
413	2.09272477802223	0
414	2.09208343764596	0
415	2.09144587910376	0
416	2.09081232942671	0
417	2.09018300634713	0
418	2.08955811756702	0
419	2.08893786010381	0
420	2.08832241971443	0
421	2.08771197039776	0
422	2.08710667397575	0
423	2.08650667975257	0
424	2.08591212425092	0
425	2.08532313102439	0
426	2.08473981054418	0
427	2.08416226015826	0
428	2.08359056412075	0
429	2.08302479368894	0
430	2.08246500728508	0
431	2.08191125071991	0
432	2.08136355747458	0
433	2.08082194903743	0
434	2.08028643529199	0
435	2.07975701495216	0
436	2.0792336760409	0
437	2.07871639640803	0
438	2.07820514428313	0
439	2.07769987885936	0
440	2.07720055090384	0
441	2.07670710339044	0
442	2.07621947215069	0
443	2.07573758653871	0
444	2.07526137010592	0
445	2.07479074128161	0
446	2.07432561405539	0
447	2.07386589865767	0
448	2.0734115022346	0
449	2.07296232951388	0
450	2.07251828345807	0
451	2.07207926590235	0
452	2.07164517817361	0
453	2.07121592168824	0
454	2.07079139852597	0
455	2.07037151197738	0
456	2.06995616706316	0
457	2.06954527102298	0
458	2.06913873377246	0
459	2.0687364683268	0
460	2.0683383911898	0
461	2.06794442270734	0
462	2.06755448738462	0
463	2.06716851416653	0
464	2.0667864366809	0
465	2.06640819344455	0
466	2.0660337280322	0
467	2.06566298920854	0
468	2.06529593102395	0
469	2.06493251287451	0
470	2.06457269952716	0
471	2.06421646111093	0
472	2.06386377307531	0
473	2.0635146161172	0
474	2.06316897607745	0
475	2.06282684380886	0
476	2.06248821501685	0
477	2.06215309007461	0
478	2.06182147381439	0
479	2.06149337529666	0
480	2.06116880755893	0
481	2.06084778734614	0
482	2.06053033482424	0
483	2.06021647327914	0
484	2.05990622880249	0
485	2.05959962996646	0
486	2.05929670748906	0
487	2.05899749389197	0
488	2.05870202315247	0
489	2.05841033035118	0
490	2.05812245131736	0
491	2.05783842227313	0
492	2.05755827947822	0
493	2.05728205887678	0
494	2.05700979574738	0
495	2.05674152435763	0
496	2.05647727762457	0
497	2.05621708678203	0
498	2.05596098105576	0
499	2.05570898734763	0
500	2.05546112992943	0
501	2.0552174301473	0
502	2.05497790613738	0
503	2.05474257255341	0
504	2.05451144030671	0
505	2.05428451631921	0
506	2.05406180328984	0
507	2.05384329947463	0
508	2.053628998481	0
509	2.05341888907632	0
510	2.05321295501101	0
511	2.05301117485642	0
512	2.05281352185753	0
513	2.05261996380066	0
514	2.05243046289613	0
515	2.05224497567607	0
516	2.05206345290734	0
517	2.05188583951955	0
518	2.05171207454823	0
519	2.05154209109311	0
520	2.05137581629158	0
521	2.05121317130724	0
522	2.05105407133355	0
523	2.05089842561262	0
524	2.05074613746918	0
525	2.05059710435964	0
526	2.05045121793631	0
527	2.0503083641269	0
528	2.05016842322918	0
529	2.05003127002102	0
530	2.04989677388571	0
531	2.04976479895271	0
532	2.04963520425392	0
533	2.0495078438954	0
534	2.04938256724478	0
535	2.04925921913421	0
536	2.04913764007911	0
537	2.04901766651251	0
538	2.04889913103523	0
539	2.04878186268168	0
540	2.04866568720137	0
541	2.04855042735596	0
542	2.04843590323181	0
543	2.04832193256783	0
544	2.0482083310984	0
545	2.04809491291117	0
546	2.04798149081932	0
547	2.04786787674799	0
548	2.04775388213438	0
549	2.04763931834096	0
550	2.04752399708132	0
551	2.0474077308578	0
552	2.04729033341031	0
553	2.04717162017538	0
554	2.04705140875457	0
555	2.04692951939119	0
556	2.04680577545426	0
557	2.04668000392845	0
558	2.04655203590884	0
559	2.04642170709891	0
560	2.0462888583106	0
561	2.04615333596465	0
562	2.04601499258975	0
563	2.04587368731872	0
564	2.04572928638005	0
565	2.04558166358293	0
566	2.04543070079386	0
567	2.04527628840297	0
568	2.04511832577805	0
569	2.04495672170429	0
570	2.04479139480759	0
571	2.04462227395967	0
572	2.04444929866253	0
573	2.04427241941058	0
574	2.0440915980281	0
575	2.04390680798027	0
576	2.04371803465556	0
577	2.04352527561777	0
578	2.04332854082568	0
579	2.0431278528186	0
580	2.04292324686612	0
581	2.04271477108039	0
582	2.04250248648949	0
583	2.04228646707045	0
584	2.04206679974069	0
585	2.04184358430672	0
586	2.0416169333693	0
587	2.04138697218396	0
588	2.04115383847653	0
589	2.04091768221314	0
590	2.04067866532429	0
591	2.04043696138313	0
592	2.0401927552379	0
593	2.039946242599	0
594	2.03969762958106	0
595	2.03944713220099	0
596	2.03919497583271	0
597	2.03894139461996	0
598	2.03868663084845	0
599	2.03843093427902	0
600	2.03817456144359	0
601	2.03791777490593	0
602	2.03766084248954	0
603	2.03740403647488	0
604	2.0371476327688	0
605	2.03689191004877	0
606	2.03663714888496	0
607	2.03638363084322	0
608	2.03613163757229	0
609	2.03588144987863	0
610	2.03563334679237	0
611	2.0353876046279	0
612	2.03514449604311	0
613	2.03490428910072	0
614	2.03466724633578	0
615	2.03443362383318	0
616	2.03420367031894	0
617	2.03397762626948	0
618	2.03375572304239	0
619	2.03353818203294	0
620	2.03332521385978	0
621	2.03311701758386	0
622	2.03291377996398	0
623	2.03271567475265	0
624	2.0325228620355	0
625	2.03233548761763	0
626	2.03215368245988	0
627	2.0319775621679	0
628	2.03180722653674	0
629	2.03164275915345	0
630	2.03148422705979	0
631	2.0313316804772	0
632	2.03118515259565	0
633	2.03104465942778	0
634	2.0309101997297	0
635	2.030781754989	0
636	2.03065928948087	0
637	2.03054275039237	0
638	2.03043206801491	0
639	2.0303271560046	0
640	2.03022791170967	0
641	2.03013421656412	0
642	2.0300459365462	0
643	2.02996292270017	0
644	2.0298850117193	0
645	2.02981202658802	0
646	2.0297437772806	0
647	2.02968006151364	0
648	2.02962066554923	0
649	2.02956536504541	0
650	2.02951392595056	0
651	2.02946610543758	0
652	2.02942165287419	0
653	2.02938031082485	0
654	2.02934181608006	0
655	2.02930590070853	0
656	2.02927229312735	0
657	2.02924071918559	0
658	2.02921090325634	0
659	2.02918256933221	0
660	2.02915544211945	0
661	2.0291292481255	0
662	2.02910371673521	0
663	2.02907858127054	0
664	2.029053580029	0
665	2.02902845729605	0
666	2.02900296432654	0
667	2.02897686029093	0
668	2.02894991318163	0
669	2.02892190067536	0
670	2.02889261094748	0
671	2.02886184343447	0
672	2.02882940954102	0
673	2.02879513328844	0
674	2.02875885190142	0
675	2.02872041633032	0
676	2.02867969170675	0
677	2.02863655773022	0
678	2.02859090898425	0
679	2.02854265518055	0
680	2.02849172133013	0
681	2.02843804784093	0
682	2.0283815905414	0
683	2.02832232063039	0
684	2.02826022455362	0
685	2.02819530380772	0
686	2.02812757467293	0
687	2.02805706787613	0
688	2.02798382818606	0
689	2.02790791394312	0
690	2.02782939652625	0
691	2.02774835975992	0
692	2.02766489926451	0
693	2.02757912175352	0
694	2.02749114428158	0
695	2.02740109344732	0
696	2.02730910455535	0
697	2.027215320742	0
698	2.02711989206946	0
699	2.02702297459333	0
700	2.0269247294085	0
701	2.02682532167866	0
702	2.02672491965455	0
703	2.02662369368631	0
704	2.02652181523533	0
705	2.0264194558908	0
706	2.02631678639638	0
707	2.02621397569227	0
708	2.02611118997766	0
709	2.0260085917989	0
710	2.02590633916807	0
711	2.02580458471685	0
712	2.02570347489018	0
713	2.02560314918405	0
714	2.02550373943163	0
715	2.02540536914133	0
716	2.0253081528907	0
717	2.025212195779	0
718	2.02511759294166	0
719	2.02502442912912	0
720	2.02493277835214	0
721	2.02484270359559	0
722	2.02475425660207	0
723	2.02466747772646	0
724	2.02458239586209	0
725	2.02449902843875	0
726	2.02441738149238	0
727	2.02433744980604	0
728	2.024259217121	0
729	2.02418265641669	0
730	2.02410773025788	0
731	2.02403439120671	0
732	2.02396258229732	0
733	2.02389223756999	0
734	2.02382328266179	0
735	2.02375563544997	0
736	2.02368920674444	0
737	2.0236239010251	0
738	2.02355961721953	0
739	2.0234962495166	0
740	2.02343368821086	0
741	2.02337182057289	0
742	2.02331053174019	0
743	2.02324970562339	0
744	2.02318922582218	0
745	2.02312897654556	0
746	2.02306884353069	0
747	2.02300871495488	0
748	2.02294848233498	0
749	2.02288804140883	0
750	2.02282729299322	0
751	2.02276614381306	0
752	2.02270450729657	0
753	2.02264230433159	0
754	2.02257946397804	0
755	2.0225159241322	0
756	2.02245163213829	0
757	2.02238654534349	0
758	2.02232063159269	0
759	2.02225386965952	0
760	2.02218624961078	0
761	2.02211777310152	0
762	2.02204845359862	0
763	2.02197831653101	0
764	2.02190739936507	0
765	2.0218357516043	0
766	2.02176343471264	0
767	2.0216905219614	0
768	2.02161709820009	0
769	2.02154325955195	0
770	2.0214691130354	0
771	2.02139477611314	0
772	2.02132037617085	0
773	2.0212460499282	0
774	2.021171942785	0
775	2.02109820810578	0
776	2.0210250064466	0
777	2.02095250472812	0
778	2.02088087535932	0
779	2.02081029531657	0
780	2.02074094518319	0
781	2.02067300815454	0
782	2.02060666901443	0
783	2.02054211308829	0
784	2.02047952517921	0
785	2.02041908849271	0
786	2.02036098355644	0
787	2.02030538714103	0
788	2.0202524711883	0
789	2.02020240175296	0
790	2.02015533796427	0
791	2.02011143101344	0
792	2.02007082317307	0
793	2.02003364685435	0
794	2.02000002370778	0
795	2.01997006377288	0
796	2.01994386468207	0
797	2.01992151092383	0
798	2.0199030731696	0
799	2.0198886076689	0
800	2.01987815571653	0
801	2.01987174319544	0
802	2.01986938019842	0
803	2.01987106073135	0
804	2.01987676250019	0
805	2.01988644678363	0
806	2.01990005839262	0
807	2.01991752571758	0
808	2.01993876086375	0
809	2.01996365987431	0
810	2.01999210304065	0
811	2.02002395529865	0
812	2.02005906670912	0
813	2.02009727302023	0
814	2.02013839630934	0
815	2.02018224570083	0
816	2.02022861815649	0
817	2.02027729933417	0
818	2.0203280645104	0
819	2.02038067956184	0
820	2.02043490200039	0
821	2.02049048205625	0
822	2.02054716380303	0
823	2.02060468631854	0
824	2.02066278487485	0
825	2.02072119215088	0
826	2.0207796394606	0
827	2.02083785798975	0
828	2.02089558003406	0
829	2.02095254023164	0
830	2.02100847678247	0
831	2.02106313264759	0
832	2.0211162567211	0
833	2.02116760496778	0
834	2.02121694151961	0
835	2.02126403972435	0
836	2.02130868313999	0
837	2.02135066646867	0
838	2.0213897964244	0
839	2.02142589252905	0
840	2.02145878783145	0
841	2.02148832954505	0
842	2.02151437959976	0
843	2.02153681510436	0
844	2.0215555287162	0
845	2.02157042891546	0
846	2.02158144018189	0
847	2.02158850307243	0
848	2.02159157419871	0
849	2.02159062610412	0
850	2.02158564704059	0
851	2.02157664064608	0
852	2.02156362552401	0
853	2.02154663472694	0
854	2.02152571514712	0
855	2.0215009268171	0
856	2.02147234212445	0
857	2.0214400449449	0
858	2.02140412969897	0
859	2.02136470033768	0
860	2.02132186926322	0
861	2.02127575619129	0
862	2.02122648696189	0
863	2.02117419230607	0
864	2.02111900657618	0
865	2.0210610664479	0
866	2.02100050960218	0
867	2.02093747339579	0
868	2.02087209352916	0
869	2.02080450272045	0
870	2.02073482939481	0
871	2.02066319639791	0
872	2.02058971974264	0
873	2.02051450739802	0
874	2.02043765812905	0
875	2.02035926039623	0
876	2.02027939132301	0
877	2.02019811573945	0
878	2.02011548530972	0
879	2.02003153775097	0
880	2.01994629615035	0
881	2.0198597683869	0
882	2.01977194666392	0
883	2.0196828071575	0
884	2.01959230978574	0
885	2.01950039810286	0
886	2.01940699932152	0
887	2.01931202446614	0
888	2.01921536865903	0
889	2.01911691154065	0
890	2.01901651782417	0
891	2.01891403798406	0
892	2.01880930907741	0
893	2.01870215569588	0
894	2.01859239104528	0
895	2.01847981814927	0
896	2.01836423117238	0
897	2.01824541685707	0
898	2.01812315606873	0
899	2.01799722544155	0
900	2.0178673991177	0
901	2.01773345057129	0
902	2.01759515450809	0
903	2.01745228883136	0
904	2.0173046366632	0
905	2.01715198841079	0
906	2.01699414386601	0
907	2.01683091432649	0
908	2.0166621247261	0
909	2.016487615762	0
910	2.01630724600566	0
911	2.01612089398464	0
912	2.01592846022205	0
913	2.01572986922038	0
914	2.0155250713765	0
915	2.01531404481469	0
916	2.01509679712465	0
917	2.0148733669918	0
918	2.01464382570735	0
919	2.01440827854609	0
920	2.01416686600025	0
921	2.0139197648584	0
922	2.01366718911874	0
923	2.01340939072714	0
924	2.01314666013059	0
925	2.01287932663802	0
926	2.01260775858071	0
927	2.01233236326611	0
928	2.01205358671918	0
929	2.01177191320687	0
930	2.01148786454221	0
931	2.01120199916562	0
932	2.01091491100215	0
933	2.01062722809459	0
934	2.0103396110136	0
935	2.01005275104707	0
936	2.00976736817234	0
937	2.00948420881604	0
938	2.0092040434075	0
939	2.00892766373294	0
940	2.00865588009898	0
941	2.008389518315	0
942	2.0081294165051	0
943	2.00787642176176	0
944	2.00763138665405	0
945	2.00739516560451	0
946	2.00716861114984	0
947	2.00695257010138	0
948	2.00674787962227	0
949	2.006555363239	0
950	2.00637582680588	0
951	2.00621005444149	0
952	2.00605880445681	0
953	2.00592280529533	0
954	2.00580275150554	0
955	2.00569929976692	0
956	2.0056130649904	0
957	2.00554461651451	0
958	2.00549447441858	0
959	2.00546310597388	0
960	2.00545092225379	0
961	2.00545827492352	0
962	2.00548545322956	0
963	2.00553268120844	0
964	2.00560011513384	0
965	2.00568784122032	0
966	2.00579587360098	0
967	2.00592415259559	0
968	2.00607254328448	0
969	2.0062408344025	0
970	2.00642873756609	0
971	2.00663588684504	0
972	2.00686183868932	0
973	2.00710607221964	0
974	2.00736798988916	0
975	2.0076469185218	0
976	2.00794211073111	0
977	2.00825274672196	0
978	2.00857793647544	0
979	2.00891672231558	0
980	2.00926808185462	0
981	2.00963093131185	0
982	2.01000412919892	0
983	2.01038648036287	0
984	2.01077674037617	0
985	2.01117362026112	0
986	2.01157579153429	0
987	2.0119818915548	0
988	2.01239052915835	0
989	2.01280029055752	0
990	2.01320974548683	0
991	2.01361745356979	0
992	2.01402197088337	0
993	2.01442185669423	0
994	2.01481568033935	0
995	2.01520202822273	0
996	2.01557951089865	0
997	2.01594677021087	0
998	2.01630248645628	0
999	2.01664538554099	0
1000	2.01697424609567	0
1001	2.01728790651713	0
1002	2.01758527190215	0
1003	2.0178653208398	0
1004	2.01812711202816	0
1005	2.01836979068155	0
1006	2.01859259469461	0
1007	2.01879486052985	0
1008	2.01897602879609	0
1009	2.0191356494855	0
1010	2.01927338683825	0
1011	2.01938902380442	0
1012	2.01948246607424	0
1013	2.01955374564879	0
1014	2.01960302392488	0
1015	2.01963059426952	0
1016	2.01963688406072	0
1017	2.01962245617362	0
1018	2.01958800989276	0
1019	2.01953438123322	0
1020	2.01946254265586	0
1021	2.01937360216389	0
1022	2.01926880177057	0
1023	2.01914951533026	0
1024	2.01901724572751	0
1025	2.01887362142152	0
1026	2.01872039234603	0
1027	2.01855942516724	0
1028	2.0183926979053	0
1029	2.01822229392732	0
1030	2.01805039532308	0
1031	2.01787927567684	0
1032	2.01771129225188	0
1033	2.01754887760668	0
1034	2.01739453066474	0
1035	2.01725080726221	0
1036	2.01712031020047	0
1037	2.01700567883305	0
1038	2.01690957821871	0
1039	2.01683468787485	0
1040	2.01678369016766	0
1041	2.01675925837733	0
1042	2.01676404447878	0
1043	2.0168006666801	0
1044	2.01687169676255	0
1045	2.0169796472675	0
1046	2.01712695857707	0
1047	2.01731598593635	0
1048	2.01754898646613	0
1049	2.01782810621591	0
1050	2.0181553673075	0
1051	2.01853265522007	0
1052	2.01896170626767	0
1053	2.01944409532036	0
1054	2.01998122381975	0
1055	2.02057430813975	0
1056	2.02122436834221	0
1057	2.02193221737699	0
1058	2.0226984507744	0
1059	2.02352343687735	0
1060	2.02440730765866	0
1061	2.02534995016777	0
1062	2.02635099864915	0
1063	2.02740982737281	0
1064	2.02852554421521	0
1065	2.02969698502646	0
1066	2.03092270881736	0
1067	2.03220099379723	0
1068	2.03352983429052	0
1069	2.03490693855743	0
1070	2.03632972754085	0
1071	2.03779533455847	0
1072	2.03930060595593	0
1073	2.04084210273351	0
1074	2.0424161031552	0
1075	2.04401860634581	0
1076	2.04564533687806	0
1077	2.04729175034803	0
1078	2.04895303993376	0
1079	2.05062414392813	0
1080	2.05229975423369	0
1081	2.05397432580317	0
1082	2.05564208700618	0
1083	2.057297050899	0
1084	2.05893302737056	0
1085	2.06054363613493	0
1086	2.06212232053668	0
1087	2.06366236213278	0
1088	2.06515689601122	0
1089	2.06659892680385	0
1090	2.067981345348	0
1091	2.06929694594859	0
1092	2.07053844419027	0
1093	2.07169849524642	0
1094	2.07276971262993	0
1095	2.07374468732852	0
1096	2.07461600726572	0
1097	2.07537627702694	0
1098	2.07601813778882	0
1099	2.07653428738877	0
1100	2.07691750047075	0
