150	2.70197
151	2.74935
152	2.80792
153	2.84647
154	2.88537
155	2.92614
156	2.99984
157	3.08122
158	3.22154
159	3.26707
160	3.32985
161	3.38643
162	3.3806
163	3.36817
164	3.33009
165	3.30451
166	3.23054
167	3.2158
168	3.16911
169	3.12512
170	3.08995
171	3.06685
172	3.02137
173	3.00551
174	2.97442
175	2.96262
176	2.93796
177	2.90451
178	2.90163
179	2.87301
180	2.86225
181	2.84897
182	2.82989
183	2.82001
184	2.79692
185	2.79675
186	2.78576
187	2.77306
188	2.77026
189	2.77238
190	2.77365
191	2.77383
192	2.78205
193	2.79182
194	2.80221
195	2.82191
196	2.84748
197	2.87451
198	2.90267
199	2.9451
200	2.99226
201	2.98618
202	2.8682
203	2.82696
204	2.74511
205	2.71905
206	2.69535
207	2.68504
208	2.67516
209	2.66527
210	2.65537
211	2.64547
212	2.63559
213	2.62573
214	2.61589
215	2.6061
216	2.59635
217	2.58665
218	2.57702
219	2.56746
220	2.55797
221	2.54857
222	2.53926
223	2.53005
224	2.52094
225	2.51194
226	2.50306
227	2.49429
228	2.48566
229	2.47716
230	2.46879
231	2.46056
232	2.45247
233	2.44453
234	2.43674
235	2.42911
236	2.42163
237	2.4143
238	2.40713
239	2.40013
240	2.39328
241	2.38659
242	2.38007
243	2.37371
244	2.36751
245	2.36147
246	2.3556
247	2.34988
248	2.34432
249	2.33891
250	2.33366
251	2.32857
252	2.32362
253	2.31882
254	2.31416
255	2.30965
256	2.30528
257	2.30104
258	2.29694
259	2.29296
260	2.28911
261	2.28538
262	2.28177
263	2.27828
264	2.27489
265	2.27162
266	2.26844
267	2.26537
268	2.26239
269	2.25949
270	2.25669
271	2.25397
272	2.25133
273	2.24877
274	2.24627
275	2.24385
276	2.24149
277	2.23919
278	2.23695
279	2.23476
280	2.23263
281	2.23054
282	2.22849
283	2.22649
284	2.22453
285	2.22261
286	2.22072
287	2.21886
288	2.21703
289	2.21523
290	2.21346
291	2.21171
292	2.20998
293	2.20827
294	2.20658
295	2.20491
296	2.20326
297	2.20162
298	2.2
299	2.19839
300	2.1968
301	2.19522
302	2.19365
303	2.19209
304	2.19055
305	2.18901
306	2.18749
307	2.18598
308	2.18448
309	2.18299
310	2.18151
311	2.18004
312	2.17859
313	2.17715
314	2.17572
315	2.1743
316	2.1729
317	2.17151
318	2.17014
319	2.16878
320	2.16743
321	2.1661
322	2.16478
323	2.16349
324	2.1622
325	2.16094
326	2.15969
327	2.15846
328	2.15725
329	2.15605
330	2.15487
331	2.15372
332	2.15258
333	2.15145
334	2.15035
335	2.14927
336	2.1482
337	2.14716
338	2.14613
339	2.14512
340	2.14413
341	2.14316
342	2.14221
343	2.14127
344	2.14035
345	2.13945
346	2.13857
347	2.1377
348	2.13684
349	2.13601
350	2.13518
351	2.13437
352	2.13358
353	2.1328
354	2.13203
355	2.13127
356	2.13052
357	2.12979
358	2.12906
359	2.12835
360	2.12764
361	2.12694
362	2.12625
363	2.12556
364	2.12488
365	2.12421
366	2.12354
367	2.12288
368	2.12222
369	2.12157
370	2.12092
371	2.12027
372	2.11962
373	2.11897
374	2.11833
375	2.11768
376	2.11704
377	2.1164
378	2.11575
379	2.11511
380	2.11446
381	2.11382
382	2.11317
383	2.11252
384	2.11187
385	2.11122
386	2.11057
387	2.10991
388	2.10926
389	2.1086
390	2.10794
391	2.10728
392	2.10662
393	2.10596
394	2.10529
395	2.10463
396	2.10396
397	2.10329
398	2.10263
399	2.10196
400	2.10129
401	2.10062
402	2.09996
403	2.09929
404	2.09863
405	2.09796
406	2.0973
407	2.09664
408	2.09598
409	2.09532
410	2.09467
411	2.09402
412	2.09337
413	2.09272
414	2.09208
415	2.09145
416	2.09081
417	2.09018
418	2.08956
419	2.08894
420	2.08832
421	2.08771
422	2.08711
423	2.08651
424	2.08591
425	2.08532
426	2.08474
427	2.08416
428	2.08359
429	2.08302
430	2.08247
431	2.08191
432	2.08136
433	2.08082
434	2.08029
435	2.07976
436	2.07923
437	2.07872
438	2.07821
439	2.0777
440	2.0772
441	2.07671
442	2.07622
443	2.07574
444	2.07526
445	2.07479
446	2.07433
447	2.07387
448	2.07341
449	2.07296
450	2.07252
451	2.07208
452	2.07165
453	2.07122
454	2.07079
455	2.07037
456	2.06996
457	2.06955
458	2.06914
459	2.06874
460	2.06834
461	2.06794
462	2.06755
463	2.06717
464	2.06679
465	2.06641
466	2.06603
467	2.06566
468	2.0653
469	2.06493
470	2.06457
471	2.06422
472	2.06386
473	2.06351
474	2.06317
475	2.06283
476	2.06249
477	2.06215
478	2.06182
479	2.06149
480	2.06117
481	2.06085
482	2.06053
483	2.06022
484	2.05991
485	2.0596
486	2.0593
487	2.059
488	2.0587
489	2.05841
490	2.05812
491	2.05784
492	2.05756
493	2.05728
494	2.05701
495	2.05674
496	2.05648
497	2.05622
498	2.05596
499	2.05571
500	2.05546
501	2.05522
502	2.05498
503	2.05474
504	2.05451
505	2.05428
506	2.05406
507	2.05384
508	2.05363
509	2.05342
510	2.05321
511	2.05301
512	2.05281
513	2.05262
514	2.05243
515	2.05224
516	2.05206
517	2.05189
518	2.05171
519	2.05154
520	2.05138
521	2.05121
522	2.05105
523	2.0509
524	2.05075
525	2.0506
526	2.05045
527	2.05031
528	2.05017
529	2.05003
530	2.0499
531	2.04976
532	2.04964
533	2.04951
534	2.04938
535	2.04926
536	2.04914
537	2.04902
538	2.0489
539	2.04878
540	2.04867
541	2.04855
542	2.04844
543	2.04832
544	2.04821
545	2.04809
546	2.04798
547	2.04787
548	2.04775
549	2.04764
550	2.04752
551	2.04741
552	2.04729
553	2.04717
554	2.04705
555	2.04693
556	2.04681
557	2.04668
558	2.04655
559	2.04642
560	2.04629
561	2.04615
562	2.04601
563	2.04587
564	2.04573
565	2.04558
566	2.04543
567	2.04528
568	2.04512
569	2.04496
570	2.04479
571	2.04462
572	2.04445
573	2.04427
574	2.04409
575	2.04391
576	2.04372
577	2.04353
578	2.04333
579	2.04313
580	2.04292
581	2.04271
582	2.0425
583	2.04229
584	2.04207
585	2.04184
586	2.04162
587	2.04139
588	2.04115
589	2.04092
590	2.04068
591	2.04044
592	2.04019
593	2.03995
594	2.0397
595	2.03945
596	2.03919
597	2.03894
598	2.03869
599	2.03843
600	2.03817
601	2.03792
602	2.03766
603	2.0374
604	2.03715
605	2.03689
606	2.03664
607	2.03638
608	2.03613
609	2.03588
610	2.03563
611	2.03539
612	2.03514
613	2.0349
614	2.03467
615	2.03443
616	2.0342
617	2.03398
618	2.03376
619	2.03354
620	2.03333
621	2.03312
622	2.03291
623	2.03272
624	2.03252
625	2.03234
626	2.03215
627	2.03198
628	2.03181
629	2.03164
630	2.03148
631	2.03133
632	2.03119
633	2.03104
634	2.03091
635	2.03078
636	2.03066
637	2.03054
638	2.03043
639	2.03033
640	2.03023
641	2.03013
642	2.03005
643	2.02996
644	2.02989
645	2.02981
646	2.02974
647	2.02968
648	2.02962
649	2.02957
650	2.02951
651	2.02947
652	2.02942
653	2.02938
654	2.02934
655	2.02931
656	2.02927
657	2.02924
658	2.02921
659	2.02918
660	2.02916
661	2.02913
662	2.0291
663	2.02908
664	2.02905
665	2.02903
666	2.029
667	2.02898
668	2.02895
669	2.02892
670	2.02889
671	2.02886
672	2.02883
673	2.0288
674	2.02876
675	2.02872
676	2.02868
677	2.02864
678	2.02859
679	2.02854
680	2.02849
681	2.02844
682	2.02838
683	2.02832
684	2.02826
685	2.0282
686	2.02813
687	2.02806
688	2.02798
689	2.02791
690	2.02783
691	2.02775
692	2.02766
693	2.02758
694	2.02749
695	2.0274
696	2.02731
697	2.02722
698	2.02712
699	2.02702
700	2.02692
701	2.02683
702	2.02672
703	2.02662
704	2.02652
705	2.02642
706	2.02632
707	2.02621
708	2.02611
709	2.02601
710	2.02591
711	2.0258
712	2.0257
713	2.0256
714	2.0255
715	2.02541
716	2.02531
717	2.02521
718	2.02512
719	2.02502
720	2.02493
721	2.02484
722	2.02475
723	2.02467
724	2.02458
725	2.0245
726	2.02442
727	2.02434
728	2.02426
729	2.02418
730	2.02411
731	2.02403
732	2.02396
733	2.02389
734	2.02382
735	2.02376
736	2.02369
737	2.02362
738	2.02356
739	2.0235
740	2.02343
741	2.02337
742	2.02331
743	2.02325
744	2.02319
745	2.02313
746	2.02307
747	2.02301
748	2.02295
749	2.02289
750	2.02283
751	2.02277
752	2.0227
753	2.02264
754	2.02258
755	2.02252
756	2.02245
757	2.02239
758	2.02232
759	2.02225
760	2.02219
761	2.02212
762	2.02205
763	2.02198
764	2.02191
765	2.02184
766	2.02176
767	2.02169
768	2.02162
769	2.02154
770	2.02147
771	2.02139
772	2.02132
773	2.02125
774	2.02117
775	2.0211
776	2.02103
777	2.02095
778	2.02088
779	2.02081
780	2.02074
781	2.02067
782	2.02061
783	2.02054
784	2.02048
785	2.02042
786	2.02036
787	2.02031
788	2.02025
789	2.0202
790	2.02016
791	2.02011
792	2.02007
793	2.02003
794	2.02
795	2.01997
796	2.01994
797	2.01992
798	2.0199
799	2.01989
800	2.01988
801	2.01987
802	2.01987
803	2.01987
804	2.01988
805	2.01989
806	2.0199
807	2.01992
808	2.01994
809	2.01996
810	2.01999
811	2.02002
812	2.02006
813	2.0201
814	2.02014
815	2.02018
816	2.02023
817	2.02028
818	2.02033
819	2.02038
820	2.02043
821	2.02049
822	2.02055
823	2.0206
824	2.02066
825	2.02072
826	2.02078
827	2.02084
828	2.0209
829	2.02095
830	2.02101
831	2.02106
832	2.02112
833	2.02117
834	2.02122
835	2.02126
836	2.02131
837	2.02135
838	2.02139
839	2.02143
840	2.02146
841	2.02149
842	2.02151
843	2.02154
844	2.02156
845	2.02157
846	2.02158
847	2.02159
848	2.02159
849	2.02159
850	2.02159
851	2.02158
852	2.02156
853	2.02155
854	2.02153
855	2.0215
856	2.02147
857	2.02144
858	2.0214
859	2.02136
860	2.02132
861	2.02128
862	2.02123
863	2.02117
864	2.02112
865	2.02106
866	2.021
867	2.02094
868	2.02087
869	2.0208
870	2.02073
871	2.02066
872	2.02059
873	2.02051
874	2.02044
875	2.02036
876	2.02028
877	2.0202
878	2.02012
879	2.02003
880	2.01995
881	2.01986
882	2.01977
883	2.01968
884	2.01959
885	2.0195
886	2.01941
887	2.01931
888	2.01922
889	2.01912
890	2.01902
891	2.01891
892	2.01881
893	2.0187
894	2.01859
895	2.01848
896	2.01836
897	2.01825
898	2.01812
899	2.018
900	2.01787
901	2.01773
902	2.0176
903	2.01745
904	2.0173
905	2.01715
906	2.01699
907	2.01683
908	2.01666
909	2.01649
910	2.01631
911	2.01612
912	2.01593
913	2.01573
914	2.01553
915	2.01531
916	2.0151
917	2.01487
918	2.01464
919	2.01441
920	2.01417
921	2.01392
922	2.01367
923	2.01341
924	2.01315
925	2.01288
926	2.01261
927	2.01233
928	2.01205
929	2.01177
930	2.01149
931	2.0112
932	2.01091
933	2.01063
934	2.01034
935	2.01005
936	2.00977
937	2.00948
938	2.0092
939	2.00893
940	2.00866
941	2.00839
942	2.00813
943	2.00788
944	2.00763
945	2.0074
946	2.00717
947	2.00695
948	2.00675
949	2.00656
950	2.00638
951	2.00621
952	2.00606
953	2.00592
954	2.0058
955	2.0057
956	2.00561
957	2.00554
958	2.00549
959	2.00546
960	2.00545
961	2.00546
962	2.00549
963	2.00553
964	2.0056
965	2.00569
966	2.0058
967	2.00592
968	2.00607
969	2.00624
970	2.00643
971	2.00664
972	2.00686
973	2.00711
974	2.00737
975	2.00765
976	2.00794
977	2.00825
978	2.00858
979	2.00892
980	2.00927
981	2.00963
982	2.01
983	2.01039
984	2.01078
985	2.01117
986	2.01158
987	2.01198
988	2.01239
989	2.0128
990	2.01321
991	2.01362
992	2.01402
993	2.01442
994	2.01482
995	2.0152
996	2.01558
997	2.01595
998	2.0163
999	2.01665
1000	2.01697
1001	2.01729
1002	2.01759
1003	2.01787
1004	2.01813
1005	2.01837
1006	2.01859
1007	2.01879
1008	2.01898
1009	2.01914
1010	2.01927
1011	2.01939
1012	2.01948
1013	2.01955
1014	2.0196
1015	2.01963
1016	2.01964
1017	2.01962
1018	2.01959
1019	2.01953
1020	2.01946
1021	2.01937
1022	2.01927
1023	2.01915
1024	2.01902
1025	2.01887
1026	2.01872
1027	2.01856
1028	2.01839
1029	2.01822
1030	2.01805
1031	2.01788
1032	2.01771
1033	2.01755
1034	2.01739
1035	2.01725
1036	2.01712
1037	2.01701
1038	2.01691
1039	2.01683
1040	2.01678
1041	2.01676
1042	2.01676
1043	2.0168
1044	2.01687
1045	2.01698
1046	2.01713
1047	2.01732
1048	2.01755
1049	2.01783
1050	2.01816
1051	2.01853
1052	2.01896
1053	2.01944
1054	2.01998
1055	2.02057
1056	2.02122
1057	2.02193
1058	2.0227
1059	2.02352
1060	2.02441
1061	2.02535
1062	2.02635
1063	2.02741
1064	2.02853
1065	2.0297
1066	2.03092
1067	2.0322
1068	2.03353
1069	2.03491
1070	2.03633
1071	2.0378
1072	2.0393
1073	2.04084
1074	2.04242
1075	2.04402
1076	2.04565
1077	2.04729
1078	2.04895
1079	2.05062
1080	2.0523
1081	2.05397
1082	2.05564
1083	2.0573
1084	2.05893
1085	2.06054
1086	2.06212
1087	2.06366
1088	2.06516
1089	2.0666
1090	2.06798
1091	2.0693
1092	2.07054
1093	2.0717
1094	2.07277
1095	2.07374
1096	2.07462
1097	2.07538
1098	2.07602
1099	2.07653
1100	2.07692
