30.9963	0.01046
31.0678	0.01054
31.1394	0.01062
31.2112	0.0107
31.2831	0.01078
31.3552	0.01086
31.4275	0.01094
31.5	0.01102
31.5726	0.01111
31.6453	0.01119
31.7183	0.01127
31.7914	0.01136
31.8647	0.01144
31.9382	0.01153
32.0118	0.01161
32.0856	0.0117
32.1595	0.01179
32.2337	0.01188
32.308	0.01197
32.3825	0.01206
32.4571	0.01215
32.5319	0.01224
32.6069	0.01233
32.6821	0.01242
32.7574	0.01252
32.8329	0.01261
32.9086	0.01271
32.9845	0.0128
33.0605	0.0129
33.1367	0.01299
33.2131	0.01309
33.2897	0.01319
33.3664	0.01329
33.4434	0.01339
33.5205	0.01349
33.5977	0.01359
33.6752	0.01369
33.7528	0.0138
33.8306	0.0139
33.9086	0.01401
33.9868	0.01411
34.0651	0.01422
34.1436	0.01432
34.2224	0.01443
34.3012	0.01454
34.3803	0.01465
34.4596	0.01476
34.539	0.01487
34.6186	0.01498
34.6984	0.0151
34.7784	0.01521
34.8586	0.01533
34.939	0.01544
35.0195	0.01556
35.1002	0.01568
35.1811	0.01579
35.2622	0.01591
35.3435	0.01603
35.425	0.01615
35.5067	0.01628
35.5885	0.0164
35.6706	0.01652
35.7528	0.01665
35.8352	0.01677
35.9178	0.0169
36.0006	0.01703
36.0836	0.01716
36.1668	0.01729
36.2502	0.01742
36.3337	0.01755
36.4175	0.01768
36.5014	0.01782
36.5856	0.01795
36.6699	0.01809
36.7544	0.01822
36.8392	0.01836
36.9241	0.0185
37.0092	0.01864
37.0945	0.01878
37.18	0.01892
37.2658	0.01907
37.3517	0.01921
37.4378	0.01936
37.5241	0.0195
37.6106	0.01965
37.6973	0.0198
37.7842	0.01995
37.8713	0.0201
37.9586	0.02025
38.0461	0.02041
38.1338	0.02056
38.2217	0.02072
38.3098	0.02088
38.3981	0.02103
38.4866	0.02119
38.5754	0.02135
38.6643	0.02152
38.7534	0.02168
38.8427	0.02184
38.9323	0.02201
39.022	0.02218
39.112	0.02234
39.2021	0.02251
39.2925	0.02269
39.3831	0.02286
39.4739	0.02303
39.5649	0.02321
39.6561	0.02338
39.7475	0.02356
39.8391	0.02374
39.931	0.02392
40.023	0.0241
40.1153	0.02429
40.2078	0.02447
40.3004	0.02466
40.3934	0.02484
40.4865	0.02503
40.5798	0.02522
40.6733	0.02542
40.7671	0.02561
40.8611	0.0258
40.9553	0.026
41.0497	0.0262
41.1443	0.0264
41.2392	0.0266
41.3342	0.0268
41.4295	0.02701
41.525	0.02721
41.6207	0.02742
41.7167	0.02763
41.8129	0.02784
41.9092	0.02805
42.0059	0.02827
42.1027	0.02848
42.1998	0.0287
42.297	0.02892
42.3945	0.02914
42.4923	0.02936
42.5902	0.02958
42.6884	0.02981
42.7868	0.03004
42.8854	0.03027
42.9843	0.0305
43.0834	0.03073
43.1827	0.03096
43.2823	0.0312
43.382	0.03144
43.482	0.03168
43.5823	0.03192
43.6827	0.03217
43.7834	0.03241
43.8844	0.03266
43.9855	0.03291
44.0869	0.03316
44.1886	0.03341
44.2904	0.03367
44.3925	0.03393
44.4949	0.03419
44.5974	0.03445
44.7002	0.03471
44.8033	0.03498
44.9066	0.03525
45.0101	0.0355
45.1138	0.03579
45.2178	0.03607
45.3221	0.03632
45.4266	0.0366
45.5313	0.03691
45.6362	0.03718
45.7414	0.03746
45.8469	0.03774
45.9526	0.03804
46.0585	0.03833
46.1647	0.03862
46.2711	0.03892
46.3778	0.03921
46.4847	0.03953
46.5918	0.03981
46.6992	0.04014
46.8069	0.04041
46.9148	0.04074
47.023	0.04107
47.1313	0.04136
47.24	0.04169
47.3489	0.042
47.458	0.04234
47.5675	0.04265
47.6771	0.04299
47.787	0.04331
47.8972	0.04367
48.0076	0.04397
48.1183	0.04433
48.2292	0.04465
48.3404	0.045
48.4518	0.04536
48.5635	0.04569
48.6754	0.04606
48.7876	0.04639
48.9001	0.04677
49.0128	0.04712
49.1258	0.04751
49.2391	0.04787
49.3526	0.04824
49.4664	0.04859
49.5804	0.04898
49.6947	0.04935
49.8092	0.04974
49.9241	0.05012
50.0391	0.05048
50.1545	0.05092
50.2701	0.05129
50.386	0.05168
50.5022	0.05209
50.6186	0.05248
50.7353	0.05286
50.8522	0.05329
50.9694	0.05371
51.0869	0.05413
51.2047	0.05454
51.3227	0.05498
51.4411	0.0554
51.5596	0.05581
51.6785	0.05626
51.7976	0.0567
51.917	0.05716
52.0367	0.05759
52.1567	0.05801
52.2769	0.05846
52.3974	0.05893
52.5182	0.05942
52.6393	0.05988
52.7606	0.06033
52.8822	0.0608
53.0042	0.06128
53.1263	0.06178
53.2488	0.06223
53.3716	0.06273
53.4946	0.06321
53.6179	0.0637
53.7415	0.06425
53.8654	0.06469
53.9896	0.06519
54.114	0.06574
54.2388	0.06624
54.3638	0.06677
54.4891	0.0673
54.6147	0.06784
54.7406	0.06837
54.8668	0.0689
54.9933	0.06943
55.1201	0.06999
55.2471	0.07055
55.3745	0.07111
55.5022	0.07168
55.6301	0.07226
55.7583	0.07284
55.8869	0.07343
56.0157	0.07401
56.1448	0.07457
56.2743	0.07519
56.404	0.07577
56.534	0.0764
56.6643	0.07699
56.795	0.07765
56.9259	0.07826
57.0571	0.07889
57.1887	0.07951
57.3205	0.08015
57.4526	0.08081
57.5851	0.08149
57.7178	0.08211
57.8509	0.08279
57.9842	0.08348
58.1179	0.0842
58.2519	0.08486
58.3862	0.08555
58.5207	0.08622
58.6557	0.08698
58.7909	0.08769
58.9264	0.08842
59.0622	0.08919
59.1984	0.0899
59.3349	0.09069
59.4716	0.09145
59.6087	0.09219
59.7461	0.09298
59.8839	0.09377
60.0219	0.09457
60.1603	0.09536
60.299	0.09619
60.438	0.09701
60.5773	0.09788
60.7169	0.09877
60.8569	0.09959
60.9972	0.10051
61.1378	0.10135
61.2787	0.10226
61.42	0.10319
61.5616	0.1041
61.7035	0.10504
61.8458	0.10607
61.9883	0.10698
62.1312	0.10798
62.2744	0.109
62.418	0.11007
62.5619	0.1111
62.7061	0.11218
62.8507	0.1133
62.9956	0.11445
63.1408	0.11567
63.2863	0.11689
63.4322	0.11818
63.5784	0.11951
63.725	0.12085
63.8719	0.12225
64.0191	0.12375
64.1667	0.1252
64.3146	0.12689
64.4629	0.12861
64.6115	0.13032
64.7605	0.13217
64.9097	0.13417
65.0594	0.13616
65.2094	0.13829
65.3597	0.14047
65.5103	0.14281
65.6614	0.14518
65.8127	0.14774
65.9644	0.15026
66.1165	0.15295
66.2689	0.15572
66.4217	0.1585
66.5748	0.16139
66.7283	0.16438
66.8821	0.16726
67.0363	0.17044
67.1908	0.1734
67.3457	0.17653
67.5009	0.17961
67.6566	0.18275
67.8125	0.18587
67.9688	0.18891
68.1255	0.19195
68.2826	0.195
68.44	0.19799
68.5978	0.20092
68.7559	0.20385
68.9144	0.20673
69.0732	0.20952
69.2325	0.21224
69.3921	0.215
69.552	0.21766
69.7124	0.2202
69.8731	0.22287
70.0342	0.22547
70.1956	0.22794
70.3574	0.23037
70.5196	0.23281
70.6822	0.2355
70.8451	0.23789
71.0084	0.24047
71.1721	0.24298
71.3362	0.24552
71.5006	0.24791
71.6655	0.25059
71.8307	0.25311
71.9963	0.25573
72.1622	0.25845
72.3286	0.26123
72.4953	0.264
72.6624	0.26671
72.8299	0.26959
72.9978	0.2725
73.1661	0.27545
73.3348	0.27844
73.5038	0.28164
73.6733	0.28468
73.8431	0.28786
74.0133	0.29122
74.1839	0.29454
74.3549	0.29802
74.5264	0.30137
74.6982	0.30495
74.8704	0.30861
75.0429	0.31234
75.2159	0.316
75.3893	0.3198
75.5631	0.32373
75.7373	0.32762
75.9119	0.33176
76.0869	0.33596
76.2623	0.33996
76.4381	0.34435
76.6143	0.3486
76.7909	0.3529
76.9679	0.35737
77.1454	0.36194
77.3232	0.36647
77.5015	0.37109
77.6801	0.37581
77.8592	0.3807
78.0387	0.3854
78.2186	0.39026
78.3989	0.39512
78.5796	0.40025
78.7608	0.40532
78.9423	0.41044
79.1243	0.41559
79.3067	0.4208
79.4895	0.42604
79.6728	0.43134
79.8564	0.43661
80.0405	0.44219
80.225	0.44753
80.41	0.45299
80.5953	0.45848
80.7811	0.4641
80.9673	0.4696
81.154	0.47507
81.3411	0.4806
81.5286	0.48617
81.7165	0.49178
81.9049	0.49731
82.0937	0.50302
82.283	0.50853
82.4726	0.51401
82.6628	0.51958
82.8533	0.52516
83.0443	0.53072
83.2357	0.53622
83.4276	0.54176
83.6199	0.5471
83.8127	0.55262
84.0059	0.5579
84.1996	0.56341
84.3937	0.56879
84.5882	0.57427
84.7832	0.57953
84.9787	0.58475
85.1746	0.59001
85.3709	0.5952
85.5677	0.60037
85.765	0.60554
85.9627	0.61066
86.1608	0.61579
86.3595	0.62086
86.5585	0.62578
86.7581	0.63069
86.9581	0.63568
87.1585	0.6406
87.3594	0.64551
87.5608	0.65043
87.7627	0.65528
87.965	0.6602
88.1678	0.66508
88.371	0.66997
88.5747	0.67489
88.7789	0.67979
88.9836	0.68472
89.1887	0.68981
89.3943	0.69484
89.6004	0.6999
89.8069	0.70505
90.014	0.71016
90.2215	0.71545
90.4294	0.72072
90.6379	0.72609
90.8469	0.73145
91.0563	0.73687
91.2662	0.74236
91.4766	0.7479
91.6874	0.75353
91.8988	0.75915
92.1107	0.76482
92.323	0.77048
92.5358	0.77627
92.7491	0.78204
92.9629	0.7878
93.1772	0.79361
93.392	0.79945
93.6073	0.80518
93.8231	0.81101
94.0394	0.81688
94.2562	0.82268
94.4735	0.82849
94.6913	0.83432
94.9095	0.84016
95.1283	0.8459
95.3476	0.85175
95.5674	0.8575
95.7877	0.86331
96.0085	0.86898
96.2299	0.87472
96.4517	0.88042
96.674	0.88607
96.8969	0.89179
97.1203	0.89744
97.3442	0.90306
97.5686	0.90869
97.7935	0.91428
98.0189	0.91984
98.2449	0.92548
98.4713	0.93104
98.6983	0.93654
98.9259	0.94209
99.1539	0.94756
99.3825	0.95313
99.6116	0.95863
99.8412	0.96408
100.071	0.96958
100.302	0.97506
100.533	0.98049
100.765	0.986
100.997	0.99145
101.23	0.99689
101.464	1.00237
101.697	1.00786
101.932	1.01327
102.167	1.01878
102.402	1.02427
102.638	1.0297
102.875	1.03515
103.112	1.04066
103.35	1.04609
103.588	1.05161
103.827	1.05713
104.066	1.06263
104.306	1.06812
104.547	1.07366
104.788	1.07919
105.029	1.08469
105.271	1.09027
105.514	1.0958
105.757	1.10139
106.001	1.10694
106.245	1.11254
106.49	1.11817
106.736	1.12376
106.982	1.12939
107.228	1.13501
107.476	1.14069
107.723	1.14633
107.972	1.15205
108.221	1.15774
108.47	1.16345
108.72	1.16918
108.971	1.17493
109.222	1.18073
109.474	1.1865
109.726	1.19231
109.979	1.19814
110.233	1.20398
110.487	1.20987
110.741	1.21575
110.997	1.22165
111.253	1.22761
111.509	1.23357
111.766	1.23954
112.024	1.24551
112.282	1.25154
112.541	1.25754
112.8	1.26358
113.06	1.26963
113.321	1.27567
113.582	1.28168
113.844	1.28769
114.106	1.2937
114.369	1.29967
114.633	1.30565
114.897	1.31157
115.162	1.31743
115.428	1.32322
115.694	1.32891
115.96	1.33454
116.228	1.34009
116.496	1.34548
116.764	1.3508
117.033	1.35592
117.303	1.36092
117.574	1.36576
117.845	1.37039
118.116	1.37487
118.389	1.37915
118.662	1.38322
118.935	1.3871
119.209	1.39078
119.484	1.3943
119.759	1.39763
120.036	1.40078
120.312	1.4038
120.59	1.40669
120.868	1.40947
121.146	1.41218
121.425	1.41483
121.705	1.41744
121.986	1.42003
122.267	1.42266
122.549	1.42533
122.832	1.42803
123.115	1.43081
123.398	1.43367
123.683	1.43663
123.968	1.43966
124.254	1.4428
124.54	1.44606
124.827	1.44941
125.115	1.45289
125.404	1.45648
125.693	1.46018
125.982	1.46401
126.273	1.46795
126.564	1.47202
126.856	1.47618
127.148	1.48045
127.441	1.48482
127.735	1.48927
128.029	1.49383
128.325	1.49844
128.62	1.50313
128.917	1.50789
129.214	1.51269
129.512	1.51752
129.811	1.5224
130.11	1.52729
130.41	1.5322
130.71	1.53714
131.012	1.5421
131.314	1.54704
131.616	1.55198
131.92	1.55695
132.224	1.56191
132.529	1.56684
132.834	1.57178
133.14	1.57671
133.447	1.58164
133.755	1.58655
134.063	1.59148
134.372	1.59638
134.682	1.60126
134.993	1.60617
135.304	1.61103
135.616	1.6159
135.928	1.62076
136.242	1.62564
136.556	1.63046
136.871	1.63531
137.186	1.64012
137.502	1.64494
137.819	1.64973
138.137	1.6545
138.455	1.65925
138.775	1.66398
139.094	1.66869
139.415	1.67337
139.737	1.67804
140.059	1.68268
140.382	1.68728
140.705	1.69187
141.029	1.69643
141.355	1.70097
141.68	1.70552
142.007	1.71004
142.334	1.71457
142.663	1.71911
142.991	1.72365
143.321	1.72823
143.651	1.73285
143.983	1.7375
144.314	1.74222
144.647	1.747
144.981	1.75184
145.315	1.75677
145.65	1.76179
145.986	1.76689
146.322	1.77209
146.659	1.7774
146.997	1.78277
147.336	1.78825
147.676	1.79381
148.016	1.79945
148.358	1.80516
148.7	1.81093
149.042	1.81675
149.386	1.8226
149.73	1.82849
150.076	1.83438
150.421	1.84027
150.768	1.84615
151.116	1.852
151.464	1.85783
151.813	1.86359
152.163	1.8693
152.514	1.87495
152.866	1.88051
153.218	1.88598
153.571	1.89137
153.925	1.89667
154.28	1.90188
154.636	1.90699
154.992	1.91199
155.35	1.91691
155.708	1.92173
156.067	1.92648
156.426	1.93115
156.787	1.93575
157.148	1.94032
157.511	1.94484
157.874	1.94935
158.238	1.95385
158.602	1.95837
158.968	1.96292
159.335	1.96752
159.702	1.97221
160.07	1.97698
160.439	1.98186
160.809	1.98687
161.18	1.99203
161.551	1.99735
161.923	2.00283
162.297	2.00851
162.671	2.01436
163.046	2.02041
163.422	2.02666
163.798	2.03311
164.176	2.03976
164.555	2.04659
164.934	2.05362
165.314	2.06083
165.695	2.06822
166.077	2.07578
166.46	2.08351
166.844	2.0914
167.228	2.09945
167.614	2.10763
168	2.11597
168.388	2.12444
168.776	2.13304
169.165	2.14176
169.555	2.15061
169.946	2.15954
170.337	2.16859
170.73	2.17771
171.124	2.18691
171.518	2.19616
171.913	2.20547
172.31	2.21479
172.707	2.22412
173.105	2.23344
173.504	2.24273
173.904	2.25198
174.305	2.26115
174.707	2.27026
175.11	2.27927
175.513	2.28818
175.918	2.29699
176.323	2.3057
176.73	2.31429
177.137	2.32281
177.546	2.33123
177.955	2.33959
178.365	2.3479
178.776	2.35621
179.188	2.36452
179.601	2.3729
180.015	2.38136
180.43	2.38995
180.846	2.3987
181.263	2.40761
181.681	2.41667
182.1	2.42581
182.52	2.43495
182.941	2.44404
183.362	2.45297
183.785	2.46169
184.209	2.47018
184.633	2.47844
185.059	2.48651
185.485	2.49443
185.913	2.50228
186.342	2.51007
186.771	2.51786
187.202	2.52565
187.633	2.53347
188.066	2.5413
188.499	2.54916
188.934	2.55705
189.369	2.56495
189.806	2.57287
190.244	2.5808
190.682	2.58876
191.122	2.59673
191.562	2.60472
192.004	2.61274
192.446	2.62077
192.89	2.62882
193.335	2.63689
193.78	2.64498
194.227	2.6531
194.675	2.66124
195.124	2.66941
195.573	2.6776
196.024	2.68581
196.476	2.69405
196.929	2.70232
197.383	2.71061
197.838	2.71893
198.294	2.72728
198.751	2.73566
199.209	2.74407
199.669	2.75251
200.129	2.76097
200.59	2.76948
201.053	2.77801
201.516	2.78657
201.981	2.79517
202.446	2.8038
202.913	2.81246
203.381	2.82116
203.85	2.8299
204.32	2.83867
204.791	2.84747
205.263	2.85632
205.736	2.8652
206.21	2.87412
206.685	2.88308
207.162	2.89208
207.639	2.90113
208.118	2.91021
208.598	2.91934
209.079	2.92852
209.561	2.93774
210.044	2.94701
210.528	2.95634
211.013	2.96571
211.5	2.97514
211.987	2.98463
212.476	2.99418
212.966	3.0038
213.457	3.01349
213.949	3.02325
214.442	3.0331
214.936	3.04304
215.432	3.05306
215.928	3.06319
216.426	3.07343
216.925	3.08379
217.425	3.09426
217.926	3.10486
218.429	3.1156
218.932	3.12646
219.437	3.13746
219.943	3.14858
220.45	3.15982
220.958	3.17115
221.467	3.18255
221.978	3.19398
222.49	3.20542
223.003	3.2168
223.517	3.22806
224.032	3.23914
224.548	3.24997
225.066	3.26046
225.585	3.27052
226.105	3.28008
226.626	3.28904
227.149	3.29732
227.672	3.30486
228.197	3.31159
228.723	3.31745
229.25	3.32242
229.779	3.32649
230.308	3.32966
230.839	3.33197
231.372	3.33348
231.905	3.33426
232.439	3.3344
232.975	3.33404
233.512	3.33331
234.051	3.33235
234.59	3.33132
235.131	3.3304
235.673	3.32974
236.216	3.3295
236.761	3.32985
237.307	3.3309
237.854	3.3328
238.402	3.33563
238.952	3.33949
239.502	3.34443
240.055	3.35048
240.608	3.35767
241.163	3.36598
241.718	3.3754
242.276	3.38588
242.834	3.39737
243.394	3.40981
243.955	3.42313
244.517	3.43725
245.081	3.45212
245.646	3.46766
246.212	3.48381
246.78	3.50051
247.349	3.5177
247.919	3.53535
248.491	3.55342
249.063	3.57188
249.638	3.59073
250.213	3.60994
250.79	3.62953
251.368	3.6495
251.947	3.66986
252.528	3.69064
253.11	3.71186
253.694	3.73358
254.279	3.75581
254.865	3.77862
255.452	3.80205
256.041	3.82616
256.631	3.851
257.223	3.87665
257.816	3.90316
258.41	3.93059
259.006	3.95901
259.603	3.98848
260.202	4.01906
260.801	4.05079
261.403	4.08372
262.005	4.11788
262.609	4.15329
263.215	4.18993
263.821	4.22781
264.429	4.26688
265.039	4.30709
265.65	4.34834
266.262	4.39054
266.876	4.43355
267.491	4.47722
268.108	4.52137
268.726	4.56582
269.346	4.61033
269.967	4.6547
270.589	4.69868
271.213	4.74203
271.838	4.78451
272.464	4.82587
273.093	4.86591
273.722	4.90442
274.353	4.94121
274.986	4.97617
275.619	5.0092
276.255	5.04028
276.892	5.06945
277.53	5.09682
278.17	5.12259
278.811	5.147
279.454	5.17035
280.098	5.19293
280.744	5.215
281.391	5.2367
282.039	5.25801
282.69	5.27869
283.341	5.29818
283.994	5.31569
284.649	5.33011
285.305	5.34017
285.963	5.3445
286.622	5.34174
287.283	5.33072
287.945	5.31055
288.609	5.28072
289.274	5.24114
289.941	5.1922
290.61	5.13467
291.279	5.06969
291.951	4.99862
292.624	4.92299
293.299	4.84433
293.975	4.76413
294.652	4.68372
295.332	4.60424
296.012	4.52659
296.695	4.45147
297.379	4.37935
298.064	4.31051
298.751	4.24509
299.44	4.1831
300.13	4.12449
300.822	4.06914
301.516	4.0169
302.211	3.96762
302.907	3.92112
303.606	3.87723
304.306	3.83578
305.007	3.79663
305.71	3.75962
306.415	3.72459
307.121	3.69142
307.829	3.65997
308.539	3.63011
309.25	3.60172
309.963	3.57469
310.678	3.5489
311.394	3.52425
312.112	3.50065
312.831	3.47801
313.552	3.45625
314.275	3.43527
315	3.41503
315.726	3.39544
316.453	3.37646
317.183	3.35803
317.914	3.34011
318.647	3.32264
319.382	3.30561
320.118	3.28897
320.856	3.27271
321.595	3.25679
322.337	3.24121
323.08	3.22595
323.825	3.211
324.571	3.19636
325.319	3.18201
326.069	3.16796
326.821	3.1542
327.574	3.14075
328.329	3.12761
329.086	3.11478
329.845	3.10227
330.605	3.09009
331.367	3.07826
332.131	3.06679
332.897	3.05569
333.664	3.04498
334.434	3.03467
335.205	3.02479
335.977	3.01535
336.752	3.00636
337.528	2.99786
338.306	2.98985
339.086	2.98236
339.868	2.9754
340.651	2.96898
341.436	2.96313
342.224	2.95786
343.012	2.95319
343.803	2.94913
344.596	2.94571
345.39	2.94296
346.186	2.94091
346.984	2.93959
347.784	2.93906
348.586	2.93936
349.39	2.94053
350.195	2.94261
351.002	2.9456
351.811	2.94945
352.622	2.95405
353.435	2.9592
354.25	2.96459
355.067	2.96976
355.885	2.97412
356.706	2.97692
357.528	2.97729
358.352	2.97422
359.178	2.96663
360.006	2.95341
360.836	2.93343
361.668	2.90567
362.502	2.8692
363.337	2.82328
364.175	2.76736
365.014	2.70117
365.856	2.62475
366.699	2.53843
367.544	2.44287
368.392	2.33908
369.241	2.22833
370.092	2.11221
370.945	1.99245
371.8	1.87095
372.658	1.74965
373.517	1.6304
374.378	1.51496
375.241	1.40481
376.106	1.30119
376.973	1.20497
377.842	1.11668
378.713	1.0365
379.586	0.96431
380.461	0.89974
381.338	0.84219
382.217	0.79098
383.098	0.74534
383.981	0.70453
384.866	0.66782
385.754	0.63458
386.643	0.60425
387.534	0.57639
388.427	0.55063
389.323	0.52667
390.22	0.50431
391.12	0.48337
392.021	0.46373
392.925	0.44528
393.831	0.42795
394.739	0.41166
395.649	0.39635
396.561	0.38197
397.475	0.36847
398.391	0.35578
399.31	0.34386
400.23	0.33266
401.153	0.32212
402.078	0.3122
403.004	0.30286
403.934	0.29403
404.865	0.28569
405.798	0.27779
406.733	0.27028
407.671	0.26315
408.611	0.25635
409.553	0.24986
410.497	0.24364
411.443	0.23768
412.392	0.23195
413.342	0.22644
414.295	0.22111
415.25	0.21597
416.207	0.21099
417.167	0.20617
418.129	0.20149
419.092	0.19695
420.059	0.19254
421.027	0.18824
421.998	0.18406
422.97	0.17999
423.945	0.17603
424.923	0.17217
425.902	0.16841
426.884	0.16474
427.868	0.16116
428.854	0.15768
429.843	0.15428
430.834	0.15097
431.827	0.14775
432.823	0.14461
433.82	0.14155
434.82	0.13857
435.823	0.13567
436.827	0.13285
437.834	0.1301
438.844	0.12743
439.855	0.12483
440.869	0.1223
441.886	0.11984
442.904	0.11745
443.925	0.11513
444.949	0.11288
445.974	0.11069
447.002	0.10856
448.033	0.10649
449.066	0.10449
450.101	0.10254
451.138	0.10065
452.178	0.09882
453.221	0.09704
454.266	0.09531
455.313	0.09363
456.362	0.09201
457.414	0.09043
458.469	0.0889
459.526	0.08742
460.585	0.08598
461.647	0.08458
462.711	0.08323
463.778	0.08191
464.847	0.08064
465.918	0.0794
466.992	0.07819
468.069	0.07703
469.148	0.07589
470.23	0.07479
471.313	0.07372
472.4	0.07267
473.489	0.07166
474.58	0.07068
475.675	0.06972
476.771	0.06878
477.87	0.06787
478.972	0.06699
480.076	0.06612
481.183	0.06528
482.292	0.06446
483.404	0.06366
484.518	0.06287
485.635	0.0621
486.754	0.06135
487.876	0.06062
489.001	0.0599
490.128	0.0592
491.258	0.05851
492.391	0.05783
493.526	0.05717
494.664	0.05652
495.804	0.05588
496.947	0.05525
498.092	0.05463
499.241	0.05402
500.391	0.05342
501.545	0.05283
502.701	0.05225
503.86	0.05167
505.022	0.0511
506.186	0.05054
507.353	0.04999
508.522	0.04945
509.694	0.04891
510.869	0.04837
512.047	0.04785
513.227	0.04732
514.411	0.04681
515.596	0.04629
516.785	0.04579
517.976	0.04529
519.17	0.04479
520.367	0.0443
521.567	0.04381
522.769	0.04332
523.974	0.04284
525.182	0.04237
526.393	0.04189
527.606	0.04143
528.822	0.04096
530.042	0.0405
531.263	0.04004
532.488	0.03959
533.716	0.03914
534.946	0.03869
536.179	0.03825
537.415	0.03781
538.654	0.03737
539.896	0.03694
541.14	0.03651
542.388	0.03608
543.638	0.03566
544.891	0.03524
546.147	0.03483
547.406	0.03441
548.668	0.03401
549.933	0.0336
551.201	0.0332
552.471	0.0328
553.745	0.0324
555.022	0.03201
556.301	0.03163
557.583	0.03124
558.869	0.03086
560.157	0.03048
561.448	0.03011
562.743	0.02974
564.04	0.02937
565.34	0.02901
566.643	0.02865
567.95	0.02829
569.259	0.02794
570.571	0.02759
571.887	0.02725
573.205	0.02691
574.526	0.02657
575.851	0.02623
577.178	0.0259
578.509	0.02558
579.842	0.02525
581.179	0.02493
582.519	0.02462
583.862	0.0243
585.207	0.024
586.557	0.02369
587.909	0.02339
589.264	0.02309
590.622	0.0228
591.984	0.02251
593.349	0.02222
594.716	0.02194
596.087	0.02166
597.461	0.02138
598.839	0.02111
600.219	0.02084
601.603	0.02057
602.99	0.02031
604.38	0.02005
605.773	0.01979
607.169	0.01954
608.569	0.01929
609.972	0.01905
611.378	0.0188
612.787	0.01856
614.2	0.01833
615.616	0.0181
617.035	0.01787
618.458	0.01764
619.883	0.01742
621.312	0.0172
622.744	0.01698
624.18	0.01677
625.619	0.01656
627.061	0.01635
628.507	0.01615
629.956	0.01594
631.408	0.01575
632.863	0.01555
634.322	0.01536
635.784	0.01517
637.25	0.01498
638.719	0.0148
640.191	0.01462
641.667	0.01444
643.146	0.01426
644.629	0.01409
646.115	0.01392
647.605	0.01375
649.097	0.01359
650.594	0.01343
652.094	0.01327
653.597	0.01311
655.103	0.01295
656.614	0.0128
658.127	0.01265
659.644	0.0125
661.165	0.01236
662.689	0.01222
664.217	0.01208
665.748	0.01194
667.283	0.0118
668.821	0.01167
670.363	0.01154
671.908	0.01141
673.457	0.01128
675.009	0.01116
676.566	0.01104
678.125	0.01092
679.688	0.0108
681.255	0.01068
682.826	0.01057
684.4	0.01046
685.978	0.01035
687.559	0.01024
689.144	0.01014
690.732	0.01003
692.325	0.00993
693.921	0.00983
695.52	0.00973
697.124	0.00963
698.731	0.00954
700.342	0.00945
701.956	0.00936
703.574	0.00927
705.196	0.00918
706.822	0.00909
708.451	0.00901
710.084	0.00892
711.721	0.00884
713.362	0.00876
715.006	0.00869
716.655	0.00861
718.307	0.00853
719.963	0.00846
721.622	0.00839
723.286	0.00832
724.953	0.00825
726.624	0.00818
728.299	0.00812
729.978	0.00805
731.661	0.00799
733.348	0.00792
735.038	0.00786
736.733	0.0078
738.431	0.00774
740.133	0.00768
741.839	0.00763
743.549	0.00757
745.264	0.00752
746.982	0.00746
748.704	0.00741
750.429	0.00736
752.159	0.00731
753.893	0.00726
755.631	0.00721
757.373	0.00716
759.119	0.00711
760.869	0.00706
762.623	0.00702
764.381	0.00697
766.143	0.00693
767.909	0.00688
769.679	0.00684
771.454	0.00679
773.232	0.00675
775.015	0.0067
776.801	0.00666
778.592	0.00662
780.387	0.00657
782.186	0.00653
783.989	0.00649
785.796	0.00644
787.608	0.0064
789.423	0.00636
791.243	0.00631
793.067	0.00627
794.895	0.00622
796.728	0.00618
798.564	0.00613
800.405	0.00609
802.25	0.00604
804.1	0.00599
805.953	0.00594
807.811	0.00589
809.673	0.00584
811.54	0.00579
813.411	0.00574
815.286	0.00569
817.165	0.00564
819.049	0.00558
820.937	0.00553
822.83	0.00547
824.726	0.00541
826.628	0.00535
828.533	0.00529
830.443	0.00523
832.357	0.00517
834.276	0.00511
836.199	0.00504
838.127	0.00498
840.059	0.00491
841.996	0.00484
843.937	0.00477
845.882	0.0047
847.832	0.00463
849.787	0.00456
851.746	0.00449
853.709	0.00442
855.677	0.00434
857.65	0.00427
859.627	0.0042
861.608	0.00412
863.595	0.00405
865.585	0.00397
867.581	0.00389
869.581	0.00382
871.585	0.00374
873.594	0.00366
875.608	0.00359
877.627	0.00351
879.65	0.00343
881.678	0.00335
883.71	0.00328
885.747	0.0032
887.789	0.00313
889.836	0.00305
891.887	0.00298
893.943	0.0029
896.004	0.00283
898.069	0.00276
900.14	0.00268
902.215	0.00261
904.294	0.00254
906.379	0.00247
908.469	0.0024
910.563	0.00234
912.662	0.00227
914.766	0.0022
916.874	0.00214
918.988	0.00208
921.107	0.00201
923.23	0.00195
925.358	0.00189
927.491	0.00183
929.629	0.00177
931.772	0.00172
933.92	0.00166
936.073	0.0016
938.231	0.00155
940.394	0.0015
942.562	0.00145
944.735	0.0014
946.913	0.00135
949.095	0.0013
951.283	0.00125
953.476	0.00121
955.674	0.00116
957.877	0.00112
960.085	0.00108
962.299	0.00103
964.517	9.93494E-4
966.74	9.5431E-4
968.969	9.16193E-4
971.203	8.7913E-4
973.442	8.43109E-4
975.686	8.08115E-4
977.935	7.74134E-4
980.189	7.41153E-4
982.449	7.09156E-4
984.713	6.78129E-4
986.983	6.48056E-4
989.259	6.18921E-4
991.539	5.9071E-4
993.825	5.63406E-4
996.116	5.36993E-4
998.412	5.11455E-4
1000.71	4.86777E-4
1003.02	4.62943E-4
1005.33	4.39936E-4
1007.65	4.17741E-4
1009.97	3.96341E-4
1012.3	3.75721E-4
1014.64	3.55866E-4
1016.97	3.3676E-4
1019.32	3.18387E-4
1021.67	3.00733E-4
1024.02	2.83782E-4
1026.38	2.67521E-4
1028.75	2.51933E-4
1031.12	2.37005E-4
1033.5	2.22723E-4
1035.88	2.09072E-4
1038.27	1.9604E-4
1040.66	1.83613E-4
1043.06	1.71777E-4
1045.47	1.6052E-4
1047.88	1.49829E-4
1050.29	1.39692E-4
1052.71	1.30097E-4
1055.14	1.21031E-4
1057.57	1.12483E-4
1060.01	1.04442E-4
1062.45	9.68972E-5
1064.9	8.9837E-5
1067.36	8.32512E-5
1069.82	7.71294E-5
1072.28	7.14617E-5
1074.76	6.62381E-5
1077.23	6.14491E-5
1079.72	5.70854E-5
1082.21	5.31378E-5
1084.7	4.95856E-5
1087.2	4.63736E-5
1089.71	4.34899E-5
1092.22	4.09183E-5
1094.74	3.85007E-5
1097.26	3.61806E-5
1099.79	3.39561E-5
1102.33	3.18249E-5
1104.87	2.9785E-5
1107.41	2.78344E-5
1109.97	2.59711E-5
1112.53	2.41932E-5
1115.09	2.24989E-5
1117.66	2.08862E-5
1120.24	1.93534E-5
1122.82	1.78973E-5
1125.41	1.65104E-5
1128	1.51906E-5
1130.6	1.39364E-5
1133.21	1.27463E-5
1135.82	1.1619E-5
1138.44	1.05531E-5
1141.06	9.54728E-6
1143.69	8.60063E-6
1146.33	7.71249E-6
1148.97	6.88158E-6
1151.62	6.10666E-6
1154.28	5.38652E-6
1156.94	4.71998E-6
1159.6	4.10589E-6
1162.28	3.54312E-6
1164.96	3.02846E-6
1167.64	2.55944E-6
1170.33	2.13512E-6
1173.03	1.75457E-6
1175.74	1.41688E-6
1178.45	1.12118E-6
1181.16	8.66612E-7
1183.89	6.52355E-7
1186.62	4.77602E-7
1189.35	3.41571E-7
1192.09	2.43503E-7
1194.84	1.82659E-7
1197.59	1.52316E-7
1200.36	1.30671E-7
1203.12	1.15678E-7
1205.9	1.07201E-7
1208.68	1.02235E-7
1211.46	9.75162E-8
1214.25	9.30291E-8
1217.05	8.8762E-8
1219.86	8.47035E-8
1222.67	8.08429E-8
1225.49	7.71699E-8
1228.32	7.3675E-8
1231.15	7.0349E-8
1233.98	6.71832E-8
1236.83	6.41697E-8
1239.68	6.13005E-8
1242.54	5.85684E-8
1245.4	5.59665E-8
1248.27	5.34882E-8
1251.15	5.11272E-8
1254.04	4.88778E-8
1256.93	4.67344E-8
1259.82	4.46915E-8
1262.73	4.27444E-8
1265.64	4.08881E-8
1268.56	3.91182E-8
1271.48	3.74305E-8
1274.41	3.58208E-8
1277.35	3.42855E-8
1280.29	3.28207E-8
1283.25	3.14232E-8
1286.2	3.00895E-8
1289.17	2.88167E-8
1292.14	2.76017E-8
1295.12	2.64418E-8
1298.11	2.53343E-8
1301.1	2.42768E-8
1304.1	2.32667E-8
1307.1	2.23019E-8
1310.12	2.13801E-8
1313.14	2.04994E-8
1316.16	1.96578E-8
1319.2	1.88534E-8
1322.24	1.80845E-8
1325.29	1.73495E-8
1328.34	1.66466E-8
1331.4	1.59745E-8
1334.47	1.53317E-8
1337.55	1.47169E-8
1340.63	1.41286E-8
1343.72	1.35658E-8
1346.82	1.30272E-8
1349.93	1.25118E-8
1353.04	1.20184E-8
1356.16	1.15461E-8
1359.28	1.10938E-8
1362.42	1.06607E-8
1365.56	1.0246E-8
1368.71	9.84871E-9
1371.86	9.46813E-9
1375.02	9.10349E-9
1378.19	8.75409E-9
1381.37	8.41923E-9
1384.55	8.09827E-9
1387.75	7.79059E-9
1390.94	7.4956E-9
1394.15	7.21275E-9
1397.37	6.94149E-9
1400.59	6.68132E-9
1403.82	6.43175E-9
1407.05	6.19232E-9
1410.29	5.96258E-9
1413.55	5.74212E-9
1416.8	5.53053E-9
1420.07	5.32743E-9
1423.34	5.13245E-9
1426.63	4.94524E-9
1429.91	4.76547E-9
1433.21	4.59283E-9
1436.51	4.42701E-9
1439.83	4.26771E-9
1443.14	4.11467E-9
1446.47	3.96762E-9
1449.81	3.8263E-9
1453.15	3.69048E-9
1456.5	3.55993E-9
1459.86	3.43442E-9
1463.22	3.31374E-9
1466.59	3.1977E-9
1469.97	3.08611E-9
1473.36	2.97877E-9
1476.76	2.87551E-9
1480.16	2.77617E-9
1483.58	2.68059E-9
1487	2.58861E-9
1490.42	2.50009E-9
1493.86	2.41488E-9
1497.3	2.33286E-9
1500.76	2.25389E-9
1504.21	2.17785E-9
1507.68	2.10462E-9
1511.16	2.03409E-9
1514.64	1.96616E-9
1518.13	1.90071E-9
1521.63	1.83766E-9
1525.14	1.7769E-9
1528.66	1.71835E-9
1532.18	1.66191E-9
1535.71	1.60752E-9
1539.25	1.55508E-9
1542.8	1.50452E-9
1546.36	1.45577E-9
1549.92	1.40876E-9
1553.5	1.36341E-9
1557.08	1.31968E-9
1560.67	1.27748E-9
1564.26	1.23677E-9
1567.87	1.19749E-9
1571.48	1.15959E-9
1575.11	1.12301E-9
1578.74	1.08769E-9
1582.38	1.05361E-9
1586.02	1.0207E-9
1589.68	9.88921E-10
1593.35	9.58236E-10
1597.02	9.28602E-10
1600.7	8.99979E-10
1604.39	8.7233E-10
1608.09	8.45619E-10
1611.8	8.19812E-10
1615.51	7.94875E-10
1619.23	7.70776E-10
1622.97	7.47485E-10
1626.71	7.24971E-10
1630.46	7.03208E-10
1634.22	6.82168E-10
1637.98	6.61824E-10
1641.76	6.42152E-10
1645.55	6.23127E-10
1649.34	6.04726E-10
1653.14	5.86927E-10
1656.95	5.69709E-10
1660.77	5.53051E-10
1664.6	5.36933E-10
1668.44	5.21335E-10
1672.28	5.06241E-10
1676.14	4.91631E-10
1680	4.77489E-10
1683.88	4.63799E-10
1687.76	4.50545E-10
1691.65	4.37712E-10
1695.55	4.25285E-10
1699.46	4.13251E-10
1703.37	4.01595E-10
1707.3	3.90305E-10
1711.24	3.79368E-10
1715.18	3.68772E-10
1719.13	3.58506E-10
1723.1	3.48558E-10
1727.07	3.38918E-10
1731.05	3.29575E-10
1735.04	3.2052E-10
1739.04	3.11742E-10
1743.05	3.03233E-10
1747.07	2.94982E-10
1751.1	2.86983E-10
1755.13	2.79226E-10
1759.18	2.71704E-10
1763.23	2.64408E-10
1767.3	2.57332E-10
1771.37	2.50467E-10
1775.46	2.43808E-10
1779.55	2.37347E-10
1783.65	2.31079E-10
1787.76	2.24996E-10
1791.88	2.19092E-10
1796.01	2.13363E-10
1800.15	2.07802E-10
1804.3	2.02404E-10
1808.46	1.97164E-10
1812.63	1.92077E-10
1816.81	1.87138E-10
1821	1.82341E-10
1825.2	1.77684E-10
1829.41	1.7316E-10
1833.62	1.68767E-10
1837.85	1.645E-10
1842.09	1.60355E-10
1846.33	1.56328E-10
1850.59	1.52416E-10
1854.85	1.48615E-10
1859.13	1.44921E-10
1863.42	1.41332E-10
1867.71	1.37843E-10
1872.02	1.34453E-10
1876.33	1.31158E-10
1880.66	1.27955E-10
1884.99	1.24841E-10
1889.34	1.21813E-10
1893.69	1.1887E-10
1898.06	1.16008E-10
1902.44	1.13225E-10
1906.82	1.10519E-10
1911.22	1.07887E-10
1915.62	1.05327E-10
1920.04	1.02837E-10
1924.46	1.00415E-10
1928.9	9.80588E-11
1933.35	9.57666E-11
1937.8	9.35365E-11
1942.27	9.13665E-11
1946.75	8.92551E-11
1951.24	8.72004E-11
1955.73	8.52008E-11
1960.24	8.32548E-11
1964.76	8.13607E-11
1969.29	7.95171E-11
1973.83	7.77225E-11
1978.38	7.59756E-11
1982.94	7.42749E-11
1987.51	7.26191E-11
1992.09	7.1007E-11
1996.69	6.94373E-11
2001.29	6.79088E-11
2005.9	6.64204E-11
2010.53	6.49709E-11
2015.16	6.35592E-11
2019.81	6.21843E-11
2024.46	6.08452E-11
2029.13	5.95408E-11
2033.81	5.82702E-11
2038.5	5.70325E-11
2043.2	5.58267E-11
2047.91	5.4652E-11
2052.63	5.35075E-11
2057.36	5.23924E-11
2062.1	5.13058E-11
2066.85	5.02471E-11
2071.62	4.92155E-11
2076.39	4.82102E-11
2081.18	4.72305E-11
2085.98	4.62757E-11
2090.79	4.53452E-11
2095.61	4.44383E-11
2100.44	4.35544E-11
2105.28	4.26929E-11
2110.13	4.18531E-11
2115	4.10346E-11
2119.87	4.02367E-11
2124.76	3.94589E-11
2129.66	3.87006E-11
2134.57	3.79615E-11
2139.49	3.72408E-11
2144.42	3.65383E-11
2149.36	3.58534E-11
2154.32	3.51857E-11
2159.28	3.45347E-11
2164.26	3.39E-11
2169.25	3.32812E-11
2174.25	3.26778E-11
2179.26	3.20895E-11
2184.29	3.1516E-11
2189.32	3.09567E-11
2194.37	3.04114E-11
2199.43	2.98797E-11
2204.5	2.93614E-11
2209.58	2.88559E-11
2214.67	2.83631E-11
2219.78	2.78826E-11
2224.9	2.74141E-11
2230.03	2.69573E-11
2235.17	2.65119E-11
2240.32	2.60777E-11
2245.48	2.56544E-11
2250.66	2.52416E-11
2255.85	2.48393E-11
2261.05	2.4447E-11
2266.26	2.40646E-11
2271.49	2.36918E-11
2276.72	2.33284E-11
2281.97	2.29742E-11
2287.23	2.27515E-11
2292.5	2.25499E-11
2297.79	2.2354E-11
2303.08	2.21636E-11
2308.39	2.19787E-11
2313.72	2.17991E-11
2319.05	2.16248E-11
2324.39	2.14556E-11
2329.75	2.12915E-11
2335.12	2.11322E-11
2340.51	2.09778E-11
2345.9	2.08282E-11
2351.31	2.06832E-11
2356.73	2.05428E-11
2362.16	2.04069E-11
2367.61	2.02753E-11
2373.07	2.01481E-11
2378.54	2.00251E-11
2384.02	1.99062E-11
2389.52	1.97915E-11
2395.02	1.96807E-11
2400.55	1.95739E-11
2406.08	1.94709E-11
2411.63	1.93717E-11
2417.18	1.92762E-11
2422.76	1.91844E-11
2428.34	1.90962E-11
2433.94	1.90115E-11
2439.55	1.89302E-11
2445.17	1.88524E-11
2450.81	1.87779E-11
2456.46	1.87067E-11
2462.12	1.86388E-11
2467.8	1.8574E-11
2473.49	1.85124E-11
2479.19	1.84538E-11
2484.91	1.83983E-11
2490.63	1.83457E-11
2496.38	1.82961E-11
2502.13	1.82493E-11
2507.9	1.82054E-11
2513.68	1.81643E-11
2519.47	1.81259E-11
2525.28	1.80902E-11
2531.1	1.80572E-11
2536.94	1.80269E-11
2542.79	1.79991E-11
2548.65	1.79738E-11
2554.52	1.79511E-11
2560.41	1.79308E-11
2566.31	1.7913E-11
2572.23	1.78976E-11
2578.16	1.78846E-11
2584.1	1.78739E-11
2590.06	1.78655E-11
2596.03	1.78594E-11
2602.02	1.78555E-11
2608.01	1.78538E-11
2614.03	1.78544E-11
2620.05	1.7857E-11
2626.09	1.78619E-11
2632.15	1.78688E-11
2638.21	1.78778E-11
2644.29	1.78888E-11
2650.39	1.79019E-11
2656.5	1.7917E-11
2662.62	1.79341E-11
2668.76	1.79531E-11
2674.91	1.7974E-11
2681.08	1.79969E-11
2687.26	1.80217E-11
2693.46	1.80483E-11
2699.67	1.80768E-11
2705.89	1.81072E-11
2712.13	1.81393E-11
2718.38	1.81732E-11
2724.64	1.8209E-11
2730.93	1.82464E-11
2737.22	1.82857E-11
2743.53	1.83266E-11
2749.86	1.83693E-11
2756.19	1.84137E-11
2762.55	1.84597E-11
2768.92	1.85075E-11
2775.3	1.85569E-11
2781.7	1.86079E-11
2788.11	1.86605E-11
2794.54	1.87148E-11
2800.98	1.87707E-11
2807.44	1.88281E-11
2813.91	1.88872E-11
2820.39	1.89478E-11
2826.9	1.90099E-11
2833.41	1.90736E-11
2839.94	1.91389E-11
2846.49	1.92057E-11
2853.05	1.9274E-11
2859.63	1.93438E-11
2866.22	1.94151E-11
2872.83	1.94879E-11
2879.45	1.95622E-11
2886.09	1.96379E-11
2892.74	1.97151E-11
2899.41	1.97938E-11
2906.1	1.9874E-11
2912.79	1.99555E-11
2919.51	2.00386E-11
2926.24	2.0123E-11
2932.99	2.02089E-11
2939.75	2.02962E-11
2946.52	2.03849E-11
2953.32	2.04751E-11
2960.12	2.05666E-11
2966.95	2.06596E-11
2973.79	2.07539E-11
2980.64	2.08497E-11
2987.51	2.09468E-11
2994.4	2.10453E-11
3001.3	2.11452E-11
3008.22	2.12465E-11
3015.16	2.13492E-11
3022.11	2.14532E-11
3029.07	2.15586E-11
3036.06	2.16654E-11
3043.06	2.17735E-11
3050.07	2.1883E-11
3057.1	2.19939E-11
3064.15	2.21061E-11
3071.21	2.22197E-11
3078.29	2.23347E-11
3085.39	2.2451E-11
3092.5	2.25687E-11
3099.63	2.26877E-11
3106.78	2.28081E-11
3113.94	2.29299E-11
3121.12	2.3053E-11
3128.31	2.31774E-11
3135.52	2.33032E-11
3142.75	2.34304E-11
3150	2.35589E-11
3157.26	2.36888E-11
3164.53	2.38201E-11
3171.83	2.39527E-11
3179.14	2.40867E-11
3186.47	2.4222E-11
3193.82	2.43587E-11
3201.18	2.44968E-11
3208.56	2.46362E-11
3215.95	2.4777E-11
3223.37	2.49192E-11
3230.8	2.50627E-11
3238.25	2.52076E-11
3245.71	2.53539E-11
3253.19	2.55016E-11
3260.69	2.56507E-11
3268.21	2.58012E-11
3275.74	2.5953E-11
3283.29	2.61063E-11
3290.86	2.62609E-11
3298.45	2.64169E-11
3306.05	2.65744E-11
3313.67	2.67332E-11
3321.31	2.68935E-11
3328.97	2.70552E-11
3336.64	2.72183E-11
3344.34	2.73828E-11
3352.05	2.75488E-11
3359.77	2.77161E-11
3367.52	2.7885E-11
3375.28	2.80552E-11
3383.06	2.82269E-11
3390.86	2.84001E-11
3398.68	2.85747E-11
3406.51	2.87508E-11
3414.36	2.89283E-11
3422.24	2.91073E-11
3430.12	2.92878E-11
3438.03	2.94698E-11
3445.96	2.96533E-11
3453.9	2.98382E-11
3461.86	3.00247E-11
3469.84	3.02126E-11
3477.84	3.04021E-11
3485.86	3.05931E-11
3493.9	3.07856E-11
3501.95	3.09797E-11
3510.02	3.11753E-11
3518.11	3.13724E-11
3526.22	3.15711E-11
3534.35	3.17713E-11
3542.5	3.19731E-11
3550.67	3.21765E-11
3558.85	3.23814E-11
3567.06	3.2588E-11
3575.28	3.27961E-11
3583.52	3.30058E-11
3591.78	3.32172E-11
3600.06	3.34301E-11
3608.36	3.36447E-11
3616.68	3.38609E-11
3625.02	3.40788E-11
3633.37	3.42983E-11
3641.75	3.45194E-11
3650.14	3.47422E-11
3658.56	3.49667E-11
3666.99	3.51929E-11
3675.44	3.54207E-11
3683.92	3.56503E-11
3692.41	3.58816E-11
3700.92	3.61145E-11
3709.45	3.63492E-11
3718	3.65856E-11
3726.58	3.68238E-11
3735.17	3.70637E-11
3743.78	3.73054E-11
3752.41	3.75488E-11
3761.06	3.77941E-11
3769.73	3.80411E-11
3778.42	3.82899E-11
3787.13	3.85405E-11
3795.86	3.87929E-11
3804.61	3.90472E-11
3813.38	3.93033E-11
3822.17	3.95612E-11
3830.98	3.9821E-11
3839.81	4.00827E-11
3848.66	4.03462E-11
3857.54	4.06116E-11
3866.43	4.0879E-11
3875.34	4.11482E-11
3884.27	4.14194E-11
3893.23	4.16925E-11
3902.2	4.19675E-11
3911.2	4.22445E-11
3920.21	4.25234E-11
3929.25	4.28043E-11
3938.31	4.30872E-11
3947.39	4.33721E-11
3956.49	4.3659E-11
3965.61	4.3948E-11
3974.75	4.42389E-11
3983.91	4.45319E-11
3993.1	4.4827E-11
4002.3	4.51241E-11
4011.53	4.54233E-11
4020.78	4.57246E-11
4030.04	4.60281E-11
4039.34	4.63336E-11
4048.65	4.66412E-11
4057.98	4.6951E-11
4067.33	4.7263E-11
4076.71	4.75771E-11
4086.11	4.78934E-11
4095.53	4.82118E-11
4104.97	4.85325E-11
4114.43	4.88554E-11
4123.92	4.91806E-11
4133.42	4.9508E-11
4142.95	4.98376E-11
4152.5	5.01695E-11
4162.07	5.05037E-11
4171.67	5.08402E-11
4181.29	5.1179E-11
4190.92	5.15202E-11
4200.59	5.18636E-11
4210.27	5.22095E-11
4219.98	5.25577E-11
4229.7	5.29083E-11
4239.45	5.32613E-11
4249.23	5.36166E-11
4259.02	5.39745E-11
4268.84	5.43347E-11
4278.68	5.46975E-11
4288.54	5.50626E-11
4298.43	5.54303E-11
4308.34	5.58005E-11
4318.27	5.61732E-11
4328.23	5.65484E-11
4338.2	5.69262E-11
4348.2	5.73065E-11
4358.23	5.76894E-11
4368.27	5.80749E-11
4378.34	5.84631E-11
4388.44	5.88538E-11
4398.55	5.92472E-11
4408.69	5.96432E-11
4418.86	6.00419E-11
4429.04	6.04433E-11
4439.25	6.08475E-11
4449.49	6.12543E-11
4459.74	6.16639E-11
4470.02	6.20762E-11
4480.33	6.24913E-11
4490.66	6.29092E-11
4501.01	6.33299E-11
4511.38	6.37535E-11
4521.78	6.41799E-11
4532.21	6.46091E-11
4542.66	6.50412E-11
4553.13	6.54762E-11
4563.62	6.59141E-11
4574.14	6.6355E-11
4584.69	6.67988E-11
4595.26	6.72456E-11
4605.85	6.76953E-11
4616.47	6.81481E-11
4627.11	6.8604E-11
4637.78	6.9063E-11
4648.47	6.95259E-11
4659.18	6.99948E-11
4669.92	7.04763E-11
4680.69	7.09909E-11
4691.48	7.1594E-11
4702.3	7.24234E-11
4713.13	7.37937E-11
4724	7.63574E-11
4734.89	8.13498E-11
4745.8	9.08965E-11
4756.75	1.08315E-10
4767.71	1.38275E-10
4778.7	1.86673E-10
4789.72	2.60086E-10
4800.76	3.64842E-10
4811.83	5.05897E-10
4822.92	6.85837E-10
4834.04	9.04347E-10
4845.18	1.15834E-9
4856.35	1.44267E-9
4867.54	1.7512E-9
4878.76	2.0779E-9
4890.01	2.41759E-9
4901.28	2.7665E-9
4912.58	3.12256E-9
4923.91	3.48606E-9
4935.26	3.86152E-9
4946.64	4.26217E-9
4958.04	4.71933E-9
4969.47	5.29922E-9
4980.92	6.12886E-9
4992.41	7.42908E-9
5003.91	9.54622E-9
5015.45	1.29652E-8
5027.01	1.8282E-8
5038.6	2.61167E-8
5050.22	3.69692E-8
5061.86	5.10459E-8
5073.53	6.81165E-8
5085.22	8.74643E-8
5096.94	1.07969E-7
5108.69	1.28313E-7
5120.47	1.47247E-7
5132.27	1.63833E-7
5144.11	1.77575E-7
5155.96	1.88436E-7
5167.85	1.96726E-7
5179.76	2.02959E-7
5191.7	2.07694E-7
5203.67	2.11431E-7
5215.67	2.14557E-7
5227.69	2.17343E-7
5239.74	2.19958E-7
5251.82	2.22498E-7
5263.93	2.25015E-7
5276.06	2.27539E-7
5288.22	2.30087E-7
5300.42	2.32677E-7
5312.63	2.35338E-7
5324.88	2.3812E-7
5337.16	2.41099E-7
5349.46	2.44393E-7
5361.79	2.48169E-7
5374.15	2.52638E-7
5386.54	2.58046E-7
5398.96	2.64656E-7
5411.4	2.72709E-7
5423.88	2.82395E-7
5436.38	2.93818E-7
5448.91	3.06982E-7
5461.47	3.21795E-7
5474.06	3.38081E-7
5486.68	3.55616E-7
5499.33	3.74159E-7
5512.01	3.9348E-7
5524.71	4.13376E-7
5537.45	4.33679E-7
5550.22	4.54237E-7
5563.01	4.74905E-7
5575.83	4.9551E-7
5588.69	5.15826E-7
5601.57	5.35551E-7
5614.48	5.54302E-7
5627.43	5.71625E-7
5640.4	5.8704E-7
5653.4	6.00113E-7
5666.43	6.10535E-7
5679.5	6.18198E-7
5692.59	6.23246E-7
5705.71	6.26064E-7
5718.87	6.27229E-7
5732.05	6.27413E-7
5745.26	6.27276E-7
5758.51	6.27367E-7
5771.78	6.28072E-7
5785.09	6.29597E-7
5798.42	6.31996E-7
5811.79	6.35221E-7
5825.19	6.39181E-7
5838.62	6.43797E-7
5852.07	6.49039E-7
5865.57	6.54955E-7
5879.09	6.61676E-7
5892.64	6.69416E-7
5906.22	6.7845E-7
5919.84	6.89089E-7
5933.49	7.0164E-7
5947.16	7.16366E-7
5960.87	7.33453E-7
5974.61	7.52975E-7
5988.39	7.74894E-7
6002.19	7.99062E-7
6016.03	8.25246E-7
6029.9	8.53164E-7
6043.8	8.82517E-7
6057.73	9.13021E-7
6071.69	9.44431E-7
6085.69	9.76548E-7
6099.72	1.00922E-6
6113.78	1.04235E-6
6127.87	1.07585E-6
6142	1.10967E-6
6156.16	1.14374E-6
6170.35	1.17799E-6
6184.58	1.21232E-6
6198.83	1.24655E-6
6213.12	1.28045E-6
6227.44	1.31367E-6
6241.8	1.34578E-6
6256.19	1.3762E-6
6270.61	1.4043E-6
6285.07	1.42937E-6
6299.56	1.45071E-6
6314.08	1.46769E-6
6328.63	1.47986E-6
6343.22	1.48703E-6
6357.84	1.48953E-6
6372.5	1.48847E-6
6387.19	1.48603E-6
6401.91	1.48544E-6
6416.67	1.49041E-6
6431.46	1.50408E-6
6446.29	1.52817E-6
6461.15	1.56299E-6
6476.05	1.60802E-6
6490.97	1.66277E-6
6505.94	1.72726E-6
6520.94	1.80251E-6
6535.97	1.89114E-6
6551.03	1.99798E-6
6566.14	2.13044E-6
6581.27	2.29814E-6
6596.44	2.51199E-6
6611.65	2.78343E-6
6626.89	3.12474E-6
6642.17	3.5508E-6
6657.48	4.08044E-6
6672.83	4.73555E-6
6688.21	5.53746E-6
6703.63	6.50282E-6
6719.08	7.64157E-6
6734.57	8.95715E-6
6750.09	1.0448E-5
6765.66	1.21093E-5
6781.25	1.39347E-5
6796.88	1.59154E-5
6812.55	1.80338E-5
6828.26	2.02478E-5
6844	2.24684E-5
6859.78	2.45467E-5
6875.59	2.62884E-5
6891.44	2.75058E-5
6907.32	2.80865E-5
6923.25	2.80368E-5
6939.21	2.74702E-5
6955.2	2.65531E-5
6971.24	2.54466E-5
6987.31	2.42749E-5
7003.42	2.31249E-5
7019.56	2.2059E-5
7035.74	2.11264E-5
7051.96	2.03659E-5
7068.22	1.98017E-5
7084.51	1.9438E-5
7100.84	1.92564E-5
7117.21	1.92204E-5
7133.62	1.92863E-5
7150.06	1.94144E-5
7166.55	1.9575E-5
7183.07	1.97495E-5
7199.63	1.9926E-5
7216.22	2.00946E-5
7232.86	2.02447E-5
7249.53	2.03632E-5
7266.24	2.04343E-5
7282.99	2.04417E-5
7299.78	2.03709E-5
7316.61	2.02143E-5
7333.48	1.99767E-5
7350.38	1.96799E-5
7367.33	1.93613E-5
7384.31	1.90689E-5
7401.33	1.88516E-5
7418.39	1.87519E-5
7435.49	1.8803E-5
7452.64	1.90277E-5
7469.82	1.94384E-5
7487.04	2.00355E-5
7504.29	2.08054E-5
7521.59	2.17194E-5
7538.93	2.27355E-5
7556.31	2.38045E-5
7573.73	2.48773E-5
7591.19	2.591E-5
7608.69	2.68662E-5
7626.23	2.77158E-5
7643.81	2.84325E-5
7661.43	2.89912E-5
7679.09	2.93687E-5
7696.79	2.95458E-5
7714.54	2.95116E-5
7732.32	2.92681E-5
7750.15	2.88333E-5
7768.01	2.82401E-5
7785.92	2.75311E-5
7803.87	2.67506E-5
7821.86	2.5937E-5
7839.89	2.51188E-5
7857.96	2.43143E-5
7876.08	2.35343E-5
7894.23	2.27849E-5
7912.43	2.20707E-5
7930.67	2.13965E-5
7948.95	2.07689E-5
7967.28	2.01961E-5
7985.64	1.96864E-5
8004.05	1.92452E-5
8022.5	1.88713E-5
8041	1.85567E-5
8059.53	1.82914E-5
8078.11	1.80711E-5
8096.73	1.79039E-5
8115.4	1.7808E-5
8134.11	1.78053E-5
8152.86	1.7915E-5
8171.65	1.81529E-5
8190.49	1.85348E-5
8209.37	1.90779E-5
8228.3	1.97964E-5
8247.26	2.06938E-5
8266.28	2.17594E-5
8285.33	2.29732E-5
8304.43	2.43143E-5
8323.57	2.57661E-5
8342.76	2.73122E-5
8361.99	2.89292E-5
8381.27	3.05835E-5
8400.59	3.22379E-5
8419.96	3.38605E-5
8439.37	3.54324E-5
8458.82	3.69473E-5
8478.32	3.84079E-5
8497.87	3.98204E-5
8517.46	4.11915E-5
8537.09	4.25271E-5
8556.77	4.38338E-5
8576.5	4.51205E-5
8596.27	4.64028E-5
8616.08	4.77073E-5
8635.95	4.90747E-5
8655.85	5.05581E-5
8675.81	5.22134E-5
8695.81	5.40818E-5
8715.85	5.61689E-5
8735.94	5.843E-5
8756.08	6.07713E-5
8776.27	6.30672E-5
8796.5	6.51896E-5
8816.78	6.70363E-5
8837.1	6.85489E-5
8857.47	6.97155E-5
8877.89	7.05613E-5
8898.36	7.1132E-5
8918.87	7.14772E-5
8939.43	7.16371E-5
8960.04	7.16336E-5
8980.69	7.1468E-5
9001.4	7.11241E-5
9022.15	7.05772E-5
9042.94	6.98073E-5
9063.79	6.88107E-5
9084.69	6.76059E-5
9105.63	6.62308E-5
9126.62	6.47304E-5
9147.66	6.31428E-5
9168.74	6.14907E-5
9189.88	5.978E-5
9211.07	5.80089E-5
9232.3	5.61794E-5
9253.58	5.43059E-5
9274.91	5.2418E-5
9296.29	5.0556E-5
9317.72	4.87624E-5
9339.2	4.70745E-5
9360.73	4.55189E-5
9382.31	4.41103E-5
9403.94	4.28538E-5
9425.62	4.17473E-5
9447.35	4.07858E-5
9469.13	3.99626E-5
9490.95	3.92705E-5
9512.83	3.87029E-5
9534.76	3.82542E-5
9556.74	3.7925E-5
9578.77	3.77277E-5
9600.85	3.76912E-5
9622.99	3.78578E-5
9645.17	3.82698E-5
9667.4	3.89541E-5
9689.69	3.99132E-5
9712.03	4.11284E-5
9734.42	4.25699E-5
9756.86	4.42061E-5
9779.35	4.60096E-5
9801.89	4.79606E-5
9824.49	5.00512E-5
9847.13	5.22881E-5
9869.83	5.46886E-5
9892.59	5.72672E-5
9915.39	6.00168E-5
9938.25	6.28991E-5
9961.16	6.58605E-5
9984.12	6.88747E-5
10007.1	7.1981E-5
10030.2	7.52798E-5
10053.3	7.88751E-5
10076.5	8.28054E-5
10099.7	8.70136E-5
10123	9.13737E-5
10146.4	9.57445E-5
10169.7	1.00011E-4
10193.2	1.04095E-4
10216.7	1.07948E-4
10240.2	1.11528E-4
10263.8	1.14795E-4
10287.5	1.17701E-4
10311.2	1.20203E-4
10335	1.22273E-4
10358.8	1.23914E-4
10382.7	1.25159E-4
10406.6	1.26052E-4
10430.6	1.26621E-4
10454.7	1.26858E-4
10478.8	1.26758E-4
10502.9	1.26379E-4
10527.1	1.25886E-4
10551.4	1.25498E-4
10575.7	1.25403E-4
10600.1	1.2571E-4
10624.5	1.26498E-4
10649	1.27861E-4
10673.6	1.29879E-4
10698.2	1.32516E-4
10722.8	1.35579E-4
10747.6	1.3882E-4
10772.3	1.421E-4
10797.2	1.45486E-4
10822.1	1.49192E-4
10847	1.53441E-4
10872	1.58329E-4
10897.1	1.63784E-4
10922.2	1.696E-4
10947.4	1.75515E-4
10972.6	1.81272E-4
10997.9	1.86665E-4
11023.3	1.91555E-4
11048.7	1.95867E-4
11074.1	1.99588E-4
11099.7	2.02747E-4
11125.3	2.054E-4
11150.9	2.07612E-4
11176.6	2.09436E-4
11202.4	2.10901E-4
11228.2	2.12008E-4
11254.1	2.12731E-4
11280	2.13038E-4
11306	2.12912E-4
11332.1	2.1238E-4
11358.2	2.1152E-4
11384.4	2.10449E-4
11410.6	2.09274E-4
11436.9	2.08023E-4
11463.3	2.066E-4
11489.7	2.04782E-4
11516.2	2.02298E-4
11542.8	1.98938E-4
11569.4	1.94659E-4
11596	1.89628E-4
11622.8	1.84178E-4
11649.6	1.7871E-4
11676.4	1.73576E-4
11703.3	1.68996E-4
11730.3	1.65025E-4
11757.4	1.61575E-4
11784.5	1.58462E-4
11811.6	1.55498E-4
11838.9	1.52584E-4
11866.2	1.4981E-4
11893.5	1.47521E-4
11920.9	1.46298E-4
11948.4	1.46814E-4
11975.9	1.49602E-4
12003.6	1.54817E-4
12031.2	1.62106E-4
12059	1.70694E-4
12086.8	1.79619E-4
12114.6	1.88007E-4
12142.5	1.95233E-4
12170.5	2.00919E-4
12198.6	2.04842E-4
12226.7	2.06854E-4
12254.9	2.06891E-4
12283.2	2.05035E-4
12311.5	2.01557E-4
12339.8	1.96891E-4
12368.3	1.91531E-4
12396.8	1.85916E-4
12425.4	1.8039E-4
12454	1.7543E-4
12482.7	1.72491E-4
12511.5	1.74174E-4
12540.4	1.81015E-4
12569.3	1.89462E-4
12598.2	1.96125E-4
12627.3	2.00603E-4
12656.4	2.03724E-4
12685.6	2.06089E-4
12714.8	2.07993E-4
12744.1	2.09621E-4
12773.5	2.11119E-4
12802.9	2.12607E-4
12832.5	2.14171E-4
12862	2.15865E-4
12891.7	2.17712E-4
12921.4	2.19718E-4
12951.2	2.21877E-4
12981.1	2.2417E-4
13011	2.26581E-4
13041	2.291E-4
13071	2.31735E-4
13101.2	2.34512E-4
13131.4	2.37479E-4
13161.6	2.40696E-4
13192	2.44237E-4
13222.4	2.48179E-4
13252.9	2.52607E-4
13283.4	2.57615E-4
13314	2.63307E-4
13344.7	2.69803E-4
13375.5	2.77228E-4
13406.3	2.85709E-4
13437.2	2.95358E-4
13468.2	3.06076E-4
13499.3	3.16717E-4
13530.4	3.24001E-4
13561.6	3.2434E-4
13592.8	3.18313E-4
13624.2	3.09898E-4
13655.6	3.01457E-4
13687.1	2.92989E-4
13718.6	2.84068E-4
13750.2	2.74532E-4
13781.9	2.64357E-4
13813.7	2.53537E-4
13845.5	2.42021E-4
13877.5	2.29655E-4
13909.4	2.16177E-4
13941.5	2.0128E-4
13973.7	1.84784E-4
14005.9	1.66991E-4
14038.2	1.4924E-4
14070.5	1.33767E-4
14102.9	1.21998E-4
14135.5	1.1345E-4
14168	1.07201E-4
14200.7	1.02998E-4
14233.4	1.00693E-4
14266.3	9.99655E-5
14299.1	1.0055E-4
14332.1	1.02306E-4
14365.1	1.05132E-4
14398.3	1.08802E-4
14431.4	1.12798E-4
14464.7	1.16281E-4
14498.1	1.18427E-4
14531.5	1.19001E-4
14565	1.18575E-4
14598.6	1.18034E-4
14632.2	1.1793E-4
14665.9	1.18324E-4
14699.7	1.19049E-4
14733.6	1.19956E-4
14767.6	1.20973E-4
14801.6	1.22073E-4
14835.8	1.23248E-4
14870	1.24494E-4
14904.2	1.25811E-4
14938.6	1.27198E-4
14973	1.28657E-4
15007.6	1.30191E-4
15042.1	1.31801E-4
15076.8	1.3349E-4
15111.6	1.35252E-4
15146.4	1.37068E-4
15181.3	1.38884E-4
15216.3	1.40618E-4
15251.4	1.42206E-4
15286.6	1.43677E-4
15321.8	1.45176E-4
15357.1	1.46879E-4
15392.5	1.48887E-4
15428	1.51203E-4
15463.6	1.53784E-4
15499.2	1.56613E-4
15535	1.59713E-4
15570.8	1.63144E-4
15606.7	1.66989E-4
15642.6	1.71354E-4
15678.7	1.76366E-4
15714.8	1.82221E-4
15751.1	1.89377E-4
15787.4	1.99303E-4
15823.8	2.16326E-4
15860.2	2.50257E-4
15896.8	3.16491E-4
15933.5	4.2835E-4
15970.2	5.82743E-4
16007	7.52736E-4
16043.9	9.00098E-4
16080.9	9.99693E-4
16118	0.00105
16155.1	0.00108
16192.3	0.00109
16229.7	0.00111
16267.1	0.00113
16304.6	0.00115
16342.2	0.00116
16379.8	0.00116
16417.6	0.00115
16455.5	0.00112
16493.4	0.00108
16531.4	0.00103
16569.5	9.72585E-4
16607.7	9.07768E-4
16646	8.37353E-4
16684.4	7.65927E-4
16722.8	6.98652E-4
16761.4	6.39125E-4
16800	5.88559E-4
16838.8	5.4639E-4
16877.6	5.11319E-4
16916.5	4.82029E-4
16955.5	4.57445E-4
16994.6	4.36764E-4
17033.7	4.19406E-4
17073	4.04954E-4
17112.4	3.93107E-4
17151.8	3.83644E-4
17191.3	3.76405E-4
17231	3.71282E-4
17270.7	3.68224E-4
17310.5	3.67239E-4
17350.4	3.684E-4
17390.4	3.71815E-4
17430.5	3.77537E-4
17470.7	3.85389E-4
17511	3.94759E-4
17551.3	4.04471E-4
17591.8	4.12926E-4
17632.3	4.18555E-4
17673	4.20427E-4
17713.7	4.18663E-4
17754.6	4.14353E-4
17795.5	4.09006E-4
17836.5	4.03856E-4
17877.6	3.99439E-4
17918.8	3.95638E-4
17960.1	3.9205E-4
18001.5	3.88372E-4
18043	3.84558E-4
18084.6	3.80735E-4
18126.3	3.77014E-4
18168.1	3.73389E-4
18210	3.69746E-4
18252	3.65964E-4
18294.1	3.61992E-4
18336.2	3.57873E-4
18378.5	3.53713E-4
18420.9	3.49639E-4
18463.3	3.4576E-4
18505.9	3.4215E-4
18548.5	3.38848E-4
18591.3	3.35865E-4
18634.2	3.33193E-4
18677.1	3.30819E-4
18720.2	3.28724E-4
18763.3	3.26893E-4
18806.6	3.25302E-4
18849.9	3.23927E-4
18893.4	3.2273E-4
18936.9	3.21658E-4
18980.6	3.20639E-4
19024.4	3.1958E-4
19068.2	3.18381E-4
19112.2	3.16963E-4
19156.2	3.15306E-4
19200.4	3.13479E-4
19244.6	3.11626E-4
19289	3.09904E-4
19333.5	3.08393E-4
19378	3.07055E-4
19422.7	3.05751E-4
19467.5	3.04312E-4
19512.4	3.02609E-4
19557.3	3.00589E-4
19602.4	2.98272E-4
19647.6	2.95731E-4
19692.9	2.93063E-4
19738.3	2.90369E-4
19783.8	2.87742E-4
19829.4	2.85255E-4
19875.1	2.82954E-4
19920.9	2.8086E-4
19966.9	2.7897E-4
20012.9	2.77256E-4
20059	2.75677E-4
20105.3	2.74179E-4
20151.6	2.72702E-4
20198.1	2.71188E-4
20244.6	2.69579E-4
20291.3	2.67826E-4
20338.1	2.65883E-4
20385	2.63715E-4
20432	2.61294E-4
20479.1	2.58602E-4
20526.3	2.55629E-4
20573.6	2.52376E-4
20621	2.48854E-4
20668.5	2.45086E-4
20716.2	2.41103E-4
20763.9	2.36947E-4
20811.8	2.32666E-4
20859.8	2.28316E-4
20907.9	2.2395E-4
20956.1	2.19624E-4
21004.4	2.15387E-4
21052.8	2.11281E-4
21101.3	2.07336E-4
21150	2.03573E-4
21198.7	2.00002E-4
21247.6	1.96621E-4
21296.6	1.93421E-4
21345.7	1.90387E-4
21394.9	1.87497E-4
21444.2	1.84734E-4
21493.6	1.82078E-4
21543.2	1.79512E-4
21592.8	1.77025E-4
21642.6	1.74609E-4
21692.5	1.72258E-4
21742.5	1.6997E-4
21792.6	1.67745E-4
21842.9	1.65582E-4
21893.2	1.63482E-4
21943.7	1.61443E-4
21994.3	1.59464E-4
22045	1.57541E-4
22095.8	1.5567E-4
22146.7	1.53845E-4
22197.8	1.52061E-4
22249	1.50312E-4
22300.3	1.48592E-4
22351.7	1.46896E-4
22403.2	1.45219E-4
22454.8	1.43557E-4
22506.6	1.41906E-4
22558.5	1.40264E-4
22610.5	1.38631E-4
22662.6	1.37006E-4
22714.9	1.3539E-4
22767.2	1.33786E-4
22819.7	1.32197E-4
22872.3	1.30624E-4
22925	1.29073E-4
22977.9	1.27546E-4
23030.8	1.26047E-4
23083.9	1.24578E-4
23137.2	1.23143E-4
23190.5	1.21744E-4
23243.9	1.20382E-4
23297.5	1.19059E-4
23351.2	1.17776E-4
23405.1	1.16534E-4
23459	1.15335E-4
23513.1	1.14179E-4
23567.3	1.13066E-4
23621.6	1.11999E-4
23676.1	1.10977E-4
23730.7	1.1E-4
23785.4	1.09068E-4
23840.2	1.0818E-4
23895.2	1.07335E-4
23950.2	1.0653E-4
24005.5	1.05765E-4
24060.8	1.05037E-4
24116.3	1.04346E-4
24171.8	1.03689E-4
24227.6	1.03065E-4
24283.4	1.02473E-4
24339.4	1.01912E-4
24395.5	1.01381E-4
24451.7	1.00879E-4
24508.1	1.00407E-4
24564.6	9.99638E-5
24621.2	9.9549E-5
24678	9.91625E-5
24734.9	9.88042E-5
24791.9	9.84742E-5
24849.1	9.8173E-5
24906.3	9.79022E-5
24963.8	9.76645E-5
25021.3	9.74636E-5
25079	9.73038E-5
25136.8	9.7189E-5
25194.7	9.71218E-5
25252.8	9.71036E-5
25311	9.71351E-5
25369.4	9.72173E-5
25427.9	9.73533E-5
25486.5	9.75494E-5
25545.2	9.78167E-5
25604.1	9.81735E-5
25663.1	9.86469E-5
25722.3	9.92737E-5
25781.6	1.00098E-4
25841	1.01161E-4
25900.6	1.02493E-4
25960.3	1.04094E-4
26020.2	1.05922E-4
26080.1	1.07889E-4
26140.3	1.09869E-4
26200.5	1.11718E-4
26260.9	1.13303E-4
26321.5	1.14526E-4
26382.1	1.15343E-4
26442.9	1.15765E-4
26503.9	1.15846E-4
26565	1.15668E-4
26626.2	1.15317E-4
26687.6	1.1487E-4
26749.1	1.14387E-4
26810.8	1.13907E-4
26872.6	1.13452E-4
26934.6	1.13032E-4
26996.7	1.12648E-4
27058.9	1.12299E-4
27121.3	1.1198E-4
27183.8	1.11689E-4
27246.4	1.11423E-4
27309.3	1.11179E-4
27372.2	1.10955E-4
27435.3	1.1075E-4
27498.6	1.10562E-4
27561.9	1.10389E-4
27625.5	1.10232E-4
27689.2	1.10089E-4
27753	1.09958E-4
27817	1.0984E-4
27881.1	1.09733E-4
27945.4	1.09637E-4
28009.8	1.0955E-4
28074.4	1.09473E-4
28139.1	1.09405E-4
28203.9	1.09345E-4
28269	1.09293E-4
28334.1	1.0925E-4
28399.4	1.09214E-4
28464.9	1.09186E-4
28530.5	1.09167E-4
28596.3	1.09155E-4
28662.2	1.09152E-4
28728.3	1.09158E-4
28794.5	1.09172E-4
28860.9	1.09196E-4
28927.4	1.09229E-4
28994.1	1.09272E-4
29061	1.09326E-4
29127.9	1.0939E-4
29195.1	1.09466E-4
29262.4	1.09555E-4
29329.9	1.09658E-4
29397.5	1.09776E-4
29465.2	1.09911E-4
29533.2	1.10064E-4
29601.2	1.10236E-4
29669.5	1.10429E-4
29737.9	1.10641E-4
29806.4	1.1087E-4
29875.1	1.11112E-4
29944	1.11359E-4
30013	1.11604E-4
30082.2	1.11837E-4
30151.6	1.12051E-4
30221.1	1.1224E-4
30290.7	1.12403E-4
30360.6	1.12542E-4
30430.6	1.12667E-4
30500.7	1.12791E-4
30571	1.12929E-4
30641.5	1.13098E-4
30712.1	1.13314E-4
30782.9	1.13589E-4
30853.9	1.13933E-4
30925	1.14354E-4
30996.3	1.14857E-4
31067.8	1.15448E-4
31139.4	1.16133E-4
31211.2	1.1692E-4
31283.1	1.1782E-4
31355.2	1.18842E-4
31427.5	1.19987E-4
31500	1.21244E-4
31572.6	1.22576E-4
31645.3	1.23923E-4
31718.3	1.25197E-4
31791.4	1.26296E-4
31864.7	1.27121E-4
31938.2	1.27599E-4
32011.8	1.27699E-4
32085.6	1.27439E-4
32159.5	1.26881E-4
32233.7	1.26118E-4
32308	1.25249E-4
32382.5	1.24362E-4
32457.1	1.23525E-4
32531.9	1.22777E-4
32606.9	1.22134E-4
32682.1	1.21597E-4
32757.4	1.21154E-4
32832.9	1.20792E-4
32908.6	1.20495E-4
32984.5	1.20252E-4
33060.5	1.20052E-4
33136.7	1.19886E-4
33213.1	1.19749E-4
33289.7	1.19636E-4
33366.4	1.19542E-4
33443.4	1.19465E-4
33520.5	1.19403E-4
33597.7	1.19352E-4
33675.2	1.19311E-4
33752.8	1.1928E-4
33830.6	1.19256E-4
33908.6	1.1924E-4
33986.8	1.19229E-4
34065.1	1.19224E-4
34143.6	1.19224E-4
34222.4	1.19228E-4
34301.2	1.19235E-4
34380.3	1.19246E-4
34459.6	1.1926E-4
34539	1.19276E-4
34618.6	1.19295E-4
34698.4	1.19315E-4
34778.4	1.19337E-4
34858.6	1.19361E-4
34939	1.19386E-4
35019.5	1.19412E-4
35100.2	1.1944E-4
35181.1	1.19468E-4
35262.2	1.19497E-4
35343.5	1.19526E-4
35425	1.19557E-4
35506.7	1.19588E-4
35588.5	1.19619E-4
35670.6	1.1965E-4
35752.8	1.19682E-4
35835.2	1.19714E-4
35917.8	1.19746E-4
36000.6	1.19778E-4
36083.6	1.19809E-4
36166.8	1.19841E-4
36250.2	1.19872E-4
36333.7	1.19903E-4
36417.5	1.19934E-4
36501.4	1.19964E-4
36585.6	1.19995E-4
36669.9	1.20025E-4
36754.4	1.20057E-4
36839.2	1.20089E-4
36924.1	1.20124E-4
37009.2	1.20162E-4
37094.5	1.20205E-4
37180	1.20254E-4
37265.8	1.20311E-4
37351.7	1.20377E-4
37437.8	1.20453E-4
37524.1	1.20539E-4
37610.6	1.20636E-4
37697.3	1.20743E-4
37784.2	1.20856E-4
37871.3	1.20976E-4
37958.6	1.21098E-4
38046.1	1.2122E-4
38133.8	1.2134E-4
38221.7	1.21455E-4
38309.8	1.21563E-4
38398.1	1.21663E-4
38486.6	1.21755E-4
38575.4	1.21836E-4
38664.3	1.21908E-4
38753.4	1.21971E-4
38842.7	1.22024E-4
38932.3	1.22071E-4
39022	1.22111E-4
39112	1.22147E-4
39202.1	1.22182E-4
39292.5	1.22219E-4
39383.1	1.22261E-4
39473.9	1.22313E-4
39564.9	1.22378E-4
39656.1	1.22461E-4
39747.5	1.22565E-4
39839.1	1.22692E-4
39931	1.22842E-4
40023	1.23015E-4
40115.3	1.23206E-4
40207.8	1.2341E-4
40300.4	1.2362E-4
40393.4	1.23828E-4
40486.5	1.24025E-4
40579.8	1.24202E-4
40673.3	1.24354E-4
40767.1	1.24476E-4
40861.1	1.24569E-4
40955.3	1.24634E-4
41049.7	1.24676E-4
41144.3	1.24703E-4
41239.2	1.24724E-4
41334.2	1.24746E-4
41429.5	1.24779E-4
41525	1.24829E-4
41620.7	1.24903E-4
41716.7	1.25005E-4
41812.9	1.25137E-4
41909.2	1.25302E-4
42005.9	1.25497E-4
42102.7	1.25723E-4
42199.8	1.25978E-4
42297	1.26259E-4
42394.5	1.26563E-4
42492.3	1.26886E-4
42590.2	1.27226E-4
42688.4	1.27579E-4
42786.8	1.27943E-4
42885.4	1.28314E-4
42984.3	1.28692E-4
43083.4	1.29074E-4
43182.7	1.29459E-4
43282.3	1.29845E-4
43382	1.30234E-4
43482	1.30623E-4
43582.3	1.31012E-4
43682.7	1.31402E-4
43783.4	1.31793E-4
43884.4	1.32183E-4
43985.5	1.32573E-4
44086.9	1.32963E-4
44188.6	1.33353E-4
44290.4	1.33743E-4
44392.5	1.34133E-4
44494.9	1.34522E-4
44597.4	1.34911E-4
44700.2	1.353E-4
44803.3	1.35689E-4
44906.6	1.36078E-4
45010.1	1.36466E-4
45113.8	1.36854E-4
45217.8	1.37242E-4
45322.1	1.3763E-4
45426.6	1.38017E-4
45531.3	1.38405E-4
45636.2	1.38792E-4
45741.4	1.39179E-4
45846.9	1.39566E-4
45952.6	1.39953E-4
46058.5	1.40339E-4
46164.7	1.40726E-4
46271.1	1.41113E-4
46377.8	1.415E-4
46484.7	1.41887E-4
46591.8	1.42274E-4
46699.2	1.42661E-4
46806.9	1.43049E-4
46914.8	1.43438E-4
47023	1.43827E-4
47131.3	1.44217E-4
47240	1.44609E-4
47348.9	1.45002E-4
47458	1.45398E-4
47567.5	1.45795E-4
47677.1	1.46196E-4
47787	1.46601E-4
47897.2	1.47009E-4
48007.6	1.47423E-4
48118.3	1.47842E-4
48229.2	1.48267E-4
48340.4	1.48698E-4
48451.8	1.49136E-4
48563.5	1.49581E-4
48675.4	1.50033E-4
48787.6	1.50492E-4
48900.1	1.50958E-4
49012.8	1.51431E-4
49125.8	1.5191E-4
49239.1	1.52395E-4
49352.6	1.52886E-4
49466.4	1.53381E-4
49580.4	1.53879E-4
49694.7	1.54382E-4
49809.2	1.54886E-4
49924.1	1.55393E-4
50039.1	1.55902E-4
50154.5	1.56412E-4
50270.1	1.56922E-4
50386	1.57433E-4
50502.2	1.57944E-4
50618.6	1.58455E-4
50735.3	1.58965E-4
50852.2	1.59476E-4
50969.4	1.59985E-4
51086.9	1.60494E-4
51204.7	1.61003E-4
51322.7	1.6151E-4
51441.1	1.62017E-4
51559.6	1.62523E-4
51678.5	1.63028E-4
51797.6	1.63532E-4
51917	1.64036E-4
52036.7	1.64538E-4
52156.7	1.6504E-4
52276.9	1.6554E-4
52397.4	1.6604E-4
52518.2	1.66539E-4
52639.3	1.67038E-4
52760.6	1.67535E-4
52882.2	1.68031E-4
53004.2	1.68527E-4
53126.3	1.69022E-4
53248.8	1.69515E-4
53371.6	1.70008E-4
53494.6	1.705E-4
53617.9	1.70992E-4
53741.5	1.71482E-4
53865.4	1.71971E-4
53989.6	1.72459E-4
54114	1.72946E-4
54238.8	1.73432E-4
54363.8	1.73917E-4
54489.1	1.74401E-4
54614.7	1.74883E-4
54740.6	1.75364E-4
54866.8	1.75844E-4
54993.3	1.76322E-4
55120.1	1.76799E-4
55247.1	1.77274E-4
55374.5	1.77748E-4
55502.2	1.7822E-4
55630.1	1.7869E-4
55758.3	1.79158E-4
55886.9	1.79624E-4
56015.7	1.80088E-4
56144.8	1.8055E-4
56274.3	1.81009E-4
56404	1.81467E-4
56534	1.81922E-4
56664.3	1.82374E-4
56795	1.82825E-4
56925.9	1.83272E-4
57057.1	1.83717E-4
57188.7	1.84159E-4
57320.5	1.84599E-4
57452.6	1.85036E-4
57585.1	1.8547E-4
57717.8	1.85901E-4
57850.9	1.86329E-4
57984.2	1.86754E-4
58117.9	1.87177E-4
58251.9	1.87596E-4
58386.2	1.88012E-4
58520.7	1.88426E-4
58655.7	1.88836E-4
58790.9	1.89243E-4
58926.4	1.89648E-4
59062.2	1.9005E-4
59198.4	1.90449E-4
59334.9	1.90845E-4
59471.6	1.91239E-4
59608.7	1.91631E-4
59746.1	1.92022E-4
59883.9	1.92411E-4
60021.9	1.928E-4
60160.3	1.93189E-4
60299	1.93579E-4
60438	1.93972E-4
60577.3	1.94369E-4
60716.9	1.94771E-4
60856.9	1.9518E-4
60997.2	1.95599E-4
61137.8	1.96029E-4
61278.7	1.96473E-4
61420	1.96933E-4
61561.6	1.97411E-4
61703.5	1.97909E-4
61845.8	1.98427E-4
61988.3	1.98968E-4
62131.2	1.9953E-4
62274.4	2.00112E-4
62418	2.00712E-4
62561.9	2.01325E-4
62706.1	2.01947E-4
62850.7	2.02569E-4
62995.6	2.03183E-4
63140.8	2.03779E-4
63286.3	2.04343E-4
63432.2	2.04864E-4
63578.4	2.05325E-4
63725	2.05714E-4
63871.9	2.06014E-4
64019.1	2.06211E-4
64166.7	2.06291E-4
64314.6	2.06241E-4
64462.9	2.0605E-4
64611.5	2.0571E-4
64760.5	2.05213E-4
64909.7	2.04556E-4
65059.4	2.03736E-4
65209.4	2.02755E-4
65359.7	2.01616E-4
65510.3	2.00325E-4
65661.4	1.98889E-4
65812.7	1.97319E-4
65964.4	1.95627E-4
66116.5	1.93824E-4
66268.9	1.91926E-4
66421.7	1.89947E-4
66574.8	1.87904E-4
66728.3	1.85811E-4
66882.1	1.83686E-4
67036.3	1.81545E-4
67190.8	1.79403E-4
67345.7	1.77278E-4
67500.9	1.75185E-4
67656.6	1.73138E-4
67812.5	1.71151E-4
67968.8	1.69235E-4
68125.5	1.67402E-4
68282.6	1.6566E-4
68440	1.64014E-4
68597.8	1.62469E-4
68755.9	1.61026E-4
68914.4	1.59684E-4
69073.2	1.58438E-4
69232.5	1.57282E-4
69392.1	1.56209E-4
69552	1.55208E-4
69712.4	1.54269E-4
69873.1	1.53381E-4
70034.2	1.52532E-4
70195.6	1.51713E-4
70357.4	1.50913E-4
70519.6	1.50125E-4
70682.2	1.49344E-4
70845.1	1.48565E-4
71008.4	1.47787E-4
71172.1	1.47009E-4
71336.2	1.46235E-4
71500.6	1.45467E-4
71665.5	1.44711E-4
71830.7	1.43973E-4
71996.3	1.43259E-4
72162.2	1.42574E-4
72328.6	1.41926E-4
72495.3	1.4132E-4
72662.4	1.4076E-4
72829.9	1.4025E-4
72997.8	1.39793E-4
73166.1	1.39389E-4
73334.8	1.39039E-4
73503.8	1.38742E-4
73673.3	1.38496E-4
73843.1	1.38299E-4
74013.3	1.38148E-4
74183.9	1.38039E-4
74354.9	1.37968E-4
74526.4	1.37932E-4
74698.2	1.37927E-4
74870.4	1.3795E-4
75042.9	1.37998E-4
75215.9	1.38069E-4
75389.3	1.3816E-4
75563.1	1.38272E-4
75737.3	1.38403E-4
75911.9	1.38555E-4
76086.9	1.38728E-4
76262.3	1.38924E-4
76438.1	1.39144E-4
76614.3	1.39393E-4
76790.9	1.39673E-4
76967.9	1.39986E-4
77145.4	1.40337E-4
77323.2	1.40728E-4
77501.5	1.41162E-4
77680.1	1.41641E-4
77859.2	1.42167E-4
78038.7	1.42742E-4
78218.6	1.43364E-4
78398.9	1.44035E-4
78579.6	1.44751E-4
78760.8	1.4551E-4
78942.3	1.46309E-4
79124.3	1.47142E-4
79306.7	1.48002E-4
79489.5	1.48884E-4
79672.8	1.49779E-4
79856.4	1.50679E-4
80040.5	1.51573E-4
80225	1.52453E-4
80410	1.53307E-4
80595.3	1.54126E-4
80781.1	1.54899E-4
80967.3	1.55616E-4
81154	1.56266E-4
81341.1	1.56841E-4
81528.6	1.57332E-4
81716.5	1.57732E-4
81904.9	1.58032E-4
82093.7	1.58229E-4
82283	1.58316E-4
82472.6	1.58291E-4
82662.8	1.58151E-4
82853.3	1.57896E-4
83044.3	1.57526E-4
83235.7	1.57042E-4
83427.6	1.56447E-4
83619.9	1.55744E-4
83812.7	1.54938E-4
84005.9	1.54034E-4
84199.6	1.53039E-4
84393.7	1.51959E-4
84588.2	1.50801E-4
84783.2	1.49574E-4
84978.7	1.48284E-4
85174.6	1.46941E-4
85370.9	1.45551E-4
85567.7	1.44124E-4
85765	1.42666E-4
85962.7	1.41186E-4
86160.8	1.3969E-4
86359.5	1.38185E-4
86558.5	1.36677E-4
86758.1	1.35173E-4
86958.1	1.33678E-4
87158.5	1.32196E-4
87359.4	1.30733E-4
87560.8	1.29291E-4
87762.7	1.27874E-4
87965	1.26485E-4
88167.8	1.25126E-4
88371	1.238E-4
88574.7	1.22507E-4
88778.9	1.21249E-4
88983.6	1.20026E-4
89188.7	1.18839E-4
89394.3	1.17688E-4
89600.4	1.16573E-4
89806.9	1.15493E-4
90014	1.14448E-4
90221.5	1.13438E-4
90429.4	1.12461E-4
90637.9	1.11517E-4
90846.9	1.10604E-4
91056.3	1.09722E-4
91266.2	1.0887E-4
91476.6	1.08046E-4
91687.4	1.07249E-4
91898.8	1.06478E-4
92110.7	1.05732E-4
92323	1.05011E-4
92535.8	1.04312E-4
92749.1	1.03635E-4
92962.9	1.02978E-4
93177.2	1.02342E-4
93392	1.01724E-4
93607.3	1.01125E-4
93823.1	1.00542E-4
94039.4	9.99764E-5
94256.2	9.9426E-5
94473.5	9.88906E-5
94691.3	9.83693E-5
94909.5	9.78615E-5
95128.3	9.73668E-5
95347.6	9.68843E-5
95567.4	9.64138E-5
95787.7	9.59546E-5
96008.5	9.55062E-5
96229.9	9.50682E-5
96451.7	9.46402E-5
96674	9.42218E-5
96896.9	9.38126E-5
97120.3	9.34121E-5
97344.2	9.30203E-5
97568.6	9.26366E-5
97793.5	9.22608E-5
98018.9	9.18926E-5
98244.9	9.15317E-5
98471.3	9.11779E-5
98698.3	9.0831E-5
98925.9	9.04906E-5
99153.9	9.01567E-5
99382.5	8.9829E-5
99611.6	8.95072E-5
99841.2	8.91912E-5
100071	8.88809E-5
100302	8.85759E-5
100533	8.82763E-5
100765	8.79817E-5
100997	8.76922E-5
101230	8.74074E-5
101464	8.71274E-5
101697	8.68519E-5
101932	8.65807E-5
102167	8.63139E-5
102402	8.60512E-5
102638	8.57926E-5
102875	8.55379E-5
103112	8.52869E-5
103350	8.50398E-5
103588	8.47962E-5
103827	8.45561E-5
104066	8.43195E-5
104306	8.40862E-5
104547	8.38561E-5
104788	8.36292E-5
105029	8.34052E-5
105271	8.31843E-5
105514	8.29663E-5
105757	8.27512E-5
106001	8.25388E-5
106245	8.23291E-5
106490	8.2122E-5
106736	8.19174E-5
106982	8.17154E-5
107228	8.15158E-5
107476	8.13184E-5
107723	8.11235E-5
107972	8.09308E-5
108221	8.07403E-5
108470	8.05519E-5
108720	8.03657E-5
108971	8.01815E-5
109222	7.99993E-5
109474	7.98191E-5
109726	7.96407E-5
109979	7.94643E-5
110233	7.92896E-5
110487	7.91168E-5
110741	7.89456E-5
110997	7.87763E-5
111253	7.86085E-5
111509	7.84425E-5
111766	7.8278E-5
112024	7.81151E-5
112282	7.79537E-5
112541	7.77938E-5
112800	7.76353E-5
113060	7.74784E-5
113321	7.73228E-5
113582	7.71686E-5
113844	7.70158E-5
114106	7.68642E-5
114369	7.6714E-5
114633	7.6565E-5
114897	7.64172E-5
115162	7.62707E-5
115428	7.61253E-5
115694	7.5981E-5
115960	7.58379E-5
116228	7.56959E-5
116496	7.5555E-5
116764	7.54151E-5
117033	7.52763E-5
117303	7.51384E-5
117574	7.50015E-5
117845	7.48655E-5
118116	7.47306E-5
118389	7.45964E-5
118662	7.44632E-5
118935	7.43309E-5
119209	7.41993E-5
119484	7.40686E-5
119759	7.39386E-5
120036	7.38095E-5
120312	7.3681E-5
120590	7.35533E-5
120868	7.34263E-5
121146	7.32999E-5
121425	7.31742E-5
121705	7.30492E-5
121986	7.29246E-5
122267	7.28008E-5
122549	7.26774E-5
122832	7.25546E-5
123115	7.24323E-5
123398	7.23105E-5
123683	7.21893E-5
123968	7.20684E-5
124254	7.19479E-5
124540	7.1828E-5
124827	7.17084E-5
125115	7.15891E-5
125404	7.14701E-5
125693	7.13516E-5
125982	7.12333E-5
126273	7.11153E-5
126564	7.09977E-5
126856	7.08802E-5
127148	7.0763E-5
127441	7.0646E-5
127735	7.05293E-5
128029	7.04128E-5
128325	7.02964E-5
128620	7.01802E-5
128917	7.00642E-5
129214	6.99483E-5
129512	6.98326E-5
129811	6.9717E-5
130110	6.96016E-5
130410	6.94862E-5
130710	6.9371E-5
131012	6.92559E-5
131314	6.91409E-5
131616	6.90261E-5
131920	6.89114E-5
132224	6.87968E-5
132529	6.86824E-5
132834	6.8568E-5
133140	6.84539E-5
133447	6.83398E-5
133755	6.82261E-5
134063	6.81124E-5
134372	6.79992E-5
134682	6.7886E-5
134993	6.7773E-5
135304	6.76603E-5
135616	6.7548E-5
135928	6.7436E-5
136242	6.73243E-5
136556	6.7213E-5
136871	6.71021E-5
137186	6.69917E-5
137502	6.68817E-5
137819	6.67721E-5
138137	6.66632E-5
138455	6.65548E-5
138775	6.6447E-5
139094	6.63398E-5
139415	6.62332E-5
139737	6.61275E-5
140059	6.60224E-5
140382	6.59181E-5
140705	6.58147E-5
141029	6.57119E-5
141355	6.56101E-5
141680	6.55094E-5
142007	6.54094E-5
142334	6.53105E-5
142663	6.52126E-5
142991	6.51157E-5
143321	6.50198E-5
143651	6.49251E-5
143983	6.48315E-5
144314	6.47389E-5
144647	6.46476E-5
144981	6.45576E-5
145315	6.44686E-5
145650	6.43809E-5
145986	6.42944E-5
146322	6.42091E-5
146659	6.41252E-5
146997	6.40425E-5
147336	6.3961E-5
147676	6.38809E-5
148016	6.38022E-5
148358	6.37246E-5
148700	6.36483E-5
149042	6.35734E-5
149386	6.34997E-5
149730	6.34273E-5
150076	6.33563E-5
150421	6.32863E-5
150768	6.32178E-5
151116	6.31505E-5
151464	6.30842E-5
151813	6.30194E-5
152163	6.29558E-5
152514	6.28933E-5
152866	6.2832E-5
153218	6.27717E-5
153571	6.27127E-5
153925	6.26547E-5
154280	6.2598E-5
154636	6.25423E-5
154992	6.24875E-5
155350	6.24339E-5
155708	6.23812E-5
156067	6.23295E-5
156426	6.22788E-5
156787	6.22289E-5
157148	6.218E-5
157511	6.2132E-5
157874	6.20849E-5
158238	6.20386E-5
158602	6.1993E-5
158968	6.19482E-5
159335	6.19042E-5
159702	6.1861E-5
160070	6.18186E-5
160439	6.17767E-5
160809	6.17355E-5
161180	6.1695E-5
161551	6.16552E-5
161923	6.16157E-5
162297	6.15772E-5
162671	6.15391E-5
163046	6.15017E-5
163422	6.14647E-5
163798	6.14281E-5
164176	6.1392E-5
164555	6.13566E-5
164934	6.13215E-5
165314	6.1287E-5
165695	6.12529E-5
166077	6.1219E-5
166460	6.11857E-5
166844	6.11528E-5
167228	6.11203E-5
167614	6.10882E-5
168000	6.10562E-5
168388	6.10248E-5
168776	6.09937E-5
169165	6.09629E-5
169555	6.09324E-5
169946	6.09022E-5
170337	6.08723E-5
170730	6.08428E-5
171124	6.08134E-5
171518	6.07845E-5
171913	6.07555E-5
172310	6.07272E-5
172707	6.0699E-5
173105	6.06711E-5
173504	6.06432E-5
173904	6.06157E-5
174305	6.05886E-5
174707	6.05615E-5
175110	6.05346E-5
175513	6.05081E-5
175918	6.04819E-5
176323	6.04556E-5
176730	6.04298E-5
177137	6.04041E-5
177546	6.03784E-5
177955	6.03532E-5
178365	6.03281E-5
178776	6.03032E-5
179188	6.02784E-5
179601	6.02541E-5
180015	6.02296E-5
180430	6.02054E-5
180846	6.01814E-5
181263	6.01577E-5
181681	6.01342E-5
182100	6.01107E-5
182520	6.00874E-5
182941	6.00644E-5
183362	6.00414E-5
183785	6.00188E-5
184209	5.99964E-5
184633	5.99739E-5
185059	5.99517E-5
185485	5.99298E-5
185913	5.99079E-5
186342	5.98861E-5
186771	5.98646E-5
187202	5.98434E-5
187633	5.98221E-5
188066	5.98012E-5
188499	5.97802E-5
188934	5.97594E-5
189369	5.97389E-5
189806	5.97186E-5
190244	5.96983E-5
190682	5.96784E-5
191122	5.96586E-5
191562	5.96388E-5
192004	5.96192E-5
192446	5.95996E-5
192890	5.95804E-5
193335	5.95612E-5
193780	5.95423E-5
194227	5.95233E-5
194675	5.95048E-5
195124	5.94863E-5
195573	5.94681E-5
196024	5.94499E-5
196476	5.94317E-5
196929	5.94139E-5
197383	5.93961E-5
197838	5.93783E-5
198294	5.9361E-5
198751	5.93436E-5
199209	5.93265E-5
199669	5.93096E-5
200129	5.92926E-5
200590	5.92759E-5
201053	5.92594E-5
201516	5.92428E-5
201981	5.92265E-5
202446	5.92103E-5
202913	5.91943E-5
203381	5.91787E-5
203850	5.91629E-5
204320	5.91471E-5
204791	5.91318E-5
205263	5.91165E-5
205736	5.91012E-5
206210	5.90862E-5
206685	5.90715E-5
207162	5.90567E-5
207639	5.9042E-5
208118	5.90277E-5
208598	5.90133E-5
209079	5.89989E-5
209561	5.89848E-5
210044	5.8971E-5
210528	5.89571E-5
211013	5.89436E-5
211500	5.89301E-5
211987	5.89164E-5
212476	5.89033E-5
212966	5.88901E-5
213457	5.88772E-5
213949	5.88644E-5
214442	5.88517E-5
214936	5.88388E-5
215432	5.88266E-5
215928	5.88144E-5
216426	5.8802E-5
216925	5.87899E-5
217425	5.87779E-5
217926	5.87663E-5
218429	5.87543E-5
218932	5.87427E-5
219437	5.87312E-5
219943	5.87203E-5
220450	5.87088E-5
220958	5.8698E-5
221467	5.86869E-5
221978	5.86761E-5
222490	5.86655E-5
223003	5.86549E-5
223517	5.86445E-5
224032	5.8634E-5
224548	5.86239E-5
225066	5.86139E-5
225585	5.86039E-5
226105	5.85944E-5
226626	5.85844E-5
227149	5.85747E-5
227672	5.85655E-5
228197	5.8556E-5
228723	5.85466E-5
229250	5.85381E-5
229779	5.85288E-5
230308	5.852E-5
230839	5.85114E-5
231372	5.85025E-5
231905	5.84943E-5
232439	5.84857E-5
232975	5.84772E-5
233512	5.84691E-5
234051	5.84616E-5
234590	5.84535E-5
235131	5.84456E-5
235673	5.8438E-5
236216	5.84304E-5
236761	5.84232E-5
237307	5.84156E-5
237854	5.84084E-5
238402	5.84011E-5
238952	5.83941E-5
239502	5.83871E-5
240055	5.83802E-5
240608	5.83738E-5
241163	5.83674E-5
241718	5.83607E-5
242276	5.83548E-5
242834	5.83484E-5
243394	5.83426E-5
243955	5.83363E-5
244517	5.83304E-5
245081	5.83247E-5
245646	5.83193E-5
246212	5.83136E-5
246780	5.83079E-5
247349	5.83029E-5
247919	5.82977E-5
248491	5.82926E-5
249063	5.82877E-5
249638	5.82821E-5
250213	5.82776E-5
250790	5.82732E-5
251368	5.82688E-5
251947	5.82637E-5
252528	5.82595E-5
253110	5.82553E-5
253694	5.82507E-5
254279	5.82474E-5
254865	5.8243E-5
255452	5.8239E-5
256041	5.82358E-5
256631	5.82319E-5
257223	5.8228E-5
257816	5.8225E-5
258410	5.82217E-5
259006	5.82178E-5
259603	5.8215E-5
260202	5.82121E-5
260801	5.82093E-5
261403	5.82061E-5
262005	5.82034E-5
262609	5.82008E-5
263215	5.81984E-5
263821	5.81955E-5
264429	5.81935E-5
265039	5.81909E-5
265650	5.81888E-5
266262	5.81868E-5
266876	5.81848E-5
267491	5.81828E-5
268108	5.8181E-5
268726	5.81796E-5
269346	5.81783E-5
269967	5.81767E-5
270589	5.81751E-5
271213	5.81738E-5
271838	5.81725E-5
272464	5.81718E-5
273093	5.81703E-5
273722	5.81697E-5
274353	5.81691E-5
274986	5.81681E-5
275619	5.81671E-5
276255	5.81669E-5
276892	5.81669E-5
277530	5.81667E-5
278170	5.81658E-5
278811	5.81658E-5
279454	5.81659E-5
280098	5.81655E-5
280744	5.81659E-5
281391	5.81656E-5
282039	5.81667E-5
282690	5.81669E-5
283341	5.81673E-5
283994	5.81677E-5
284649	5.81686E-5
285305	5.81693E-5
285963	5.81699E-5
286622	5.8171E-5
287283	5.81723E-5
287945	5.81725E-5
288609	5.8174E-5
289274	5.81756E-5
289941	5.81771E-5
290610	5.81785E-5
291279	5.81799E-5
291951	5.81817E-5
292624	5.81827E-5
293299	5.81851E-5
293975	5.8187E-5
294652	5.81888E-5
295332	5.81908E-5
296012	5.81928E-5
296695	5.81956E-5
297379	5.81976E-5
298064	5.81998E-5
298751	5.82026E-5
299440	5.82049E-5
300130	5.82075E-5
300822	5.82112E-5
301516	5.82136E-5
302211	5.82164E-5
302907	5.82196E-5
303606	5.8223E-5
304306	5.82257E-5
305007	5.8229E-5
305710	5.82327E-5
306415	5.82352E-5
307121	5.82385E-5
307829	5.82433E-5
308539	5.82463E-5
309250	5.82491E-5
309963	5.82545E-5
