30.9963	0.91663
31.0678	0.91619
31.1394	0.91575
31.2112	0.9153
31.2831	0.91485
31.3552	0.9144
31.4275	0.91394
31.5	0.91349
31.5726	0.91303
31.6453	0.91257
31.7183	0.91211
31.7914	0.91164
31.8647	0.91118
31.9382	0.91071
32.0118	0.91023
32.0856	0.90976
32.1595	0.90928
32.2337	0.90881
32.308	0.90833
32.3825	0.90784
32.4571	0.90736
32.5319	0.90687
32.6069	0.90638
32.6821	0.90589
32.7574	0.90539
32.8329	0.90489
32.9086	0.90439
32.9845	0.90389
33.0605	0.90339
33.1367	0.90288
33.2131	0.90237
33.2897	0.90186
33.3664	0.90134
33.4434	0.90083
33.5205	0.9003
33.5977	0.89979
33.6752	0.89926
33.7528	0.89873
33.8306	0.89821
33.9086	0.89767
33.9868	0.89713
34.0651	0.89659
34.1436	0.89606
34.2224	0.89551
34.3012	0.89497
34.3803	0.89442
34.4596	0.89386
34.539	0.89332
34.6186	0.89278
34.6984	0.89219
34.7784	0.89164
34.8586	0.89109
34.939	0.89051
35.0195	0.88993
35.1002	0.88935
35.1811	0.88878
35.2622	0.88823
35.3435	0.88763
35.425	0.88704
35.5067	0.88645
35.5885	0.88587
35.6706	0.88527
35.7528	0.88466
35.8352	0.88408
35.9178	0.88347
36.0006	0.88285
36.0836	0.88227
36.1668	0.88166
36.2502	0.88103
36.3337	0.88042
36.4175	0.8798
36.5014	0.87917
36.5856	0.87854
36.6699	0.87789
36.7544	0.87728
36.8392	0.87664
36.9241	0.87602
37.0092	0.87535
37.0945	0.87472
37.18	0.87407
37.2658	0.87342
37.3517	0.87276
37.4378	0.8721
37.5241	0.87144
37.6106	0.87076
37.6973	0.8701
37.7842	0.86943
37.8713	0.86875
37.9586	0.86808
38.0461	0.86739
38.1338	0.86669
38.2217	0.86602
38.3098	0.86531
38.3981	0.86463
38.4866	0.86392
38.5754	0.86322
38.6643	0.86251
38.7534	0.8618
38.8427	0.86109
38.9323	0.86038
39.022	0.85964
39.112	0.85893
39.2021	0.85819
39.2925	0.85747
39.3831	0.85672
39.4739	0.85599
39.5649	0.85523
39.6561	0.85449
39.7475	0.85373
39.8391	0.85299
39.931	0.85222
40.023	0.85147
40.1153	0.8507
40.2078	0.84992
40.3004	0.84916
40.3934	0.84836
40.4865	0.84759
40.5798	0.8468
40.6733	0.84601
40.7671	0.84522
40.8611	0.84441
40.9553	0.84361
41.0497	0.84281
41.1443	0.84199
41.2392	0.84118
41.3342	0.84035
41.4295	0.83952
41.525	0.83869
41.6207	0.83788
41.7167	0.83703
41.8129	0.83619
41.9092	0.83533
42.0059	0.83449
42.1027	0.83364
42.1998	0.83278
42.297	0.83191
42.3945	0.83105
42.4923	0.83017
42.5902	0.82929
42.6884	0.82842
42.7868	0.82752
42.8854	0.82663
42.9843	0.82573
43.0834	0.82483
43.1827	0.82394
43.2823	0.82303
43.382	0.82211
43.482	0.8212
43.5823	0.82025
43.6827	0.81934
43.7834	0.8184
43.8844	0.81745
43.9855	0.81651
44.0869	0.81556
44.1886	0.81461
44.2904	0.81365
44.3925	0.81269
44.4949	0.81171
44.5974	0.81074
44.7002	0.80976
44.8033	0.80877
44.9066	0.80777
45.0101	0.80715
45.1138	0.80581
45.2178	0.80454
45.3221	0.80415
45.4266	0.80311
45.5313	0.80132
45.6362	0.80068
45.7414	0.79978
45.8469	0.79878
45.9526	0.79762
46.0585	0.79644
46.1647	0.79548
46.2711	0.79451
46.3778	0.79355
46.4847	0.79215
46.5918	0.79146
46.6992	0.78986
46.8069	0.78961
46.9148	0.78795
47.023	0.78669
47.1313	0.78594
47.24	0.78467
47.3489	0.78374
47.458	0.78232
47.5675	0.78134
47.6771	0.77997
47.787	0.77913
47.8972	0.77742
48.0076	0.77697
48.1183	0.77529
48.2292	0.77456
48.3404	0.77327
48.4518	0.77177
48.5635	0.77092
48.6754	0.7695
48.7876	0.76857
48.9001	0.76704
49.0128	0.76602
49.1258	0.76437
49.2391	0.76316
49.3526	0.76189
49.4664	0.76102
49.5804	0.75948
49.6947	0.75842
49.8092	0.75696
49.9241	0.75572
50.0391	0.75487
50.1545	0.75282
50.2701	0.7519
50.386	0.75069
50.5022	0.7492
50.6186	0.74801
50.7353	0.74706
50.8522	0.74542
50.9694	0.74395
51.0869	0.74255
51.2047	0.74139
51.3227	0.73976
51.4411	0.7385
51.5596	0.73729
51.6785	0.73575
51.7976	0.73421
51.917	0.73261
52.0367	0.73138
52.1567	0.7303
52.2769	0.72877
52.3974	0.72714
52.5182	0.72537
52.6393	0.72393
52.7606	0.72265
52.8822	0.72121
53.0042	0.7196
53.1263	0.71788
53.2488	0.71667
53.3716	0.71499
53.4946	0.71362
53.6179	0.71205
53.7415	0.71002
53.8654	0.70907
53.9896	0.70764
54.114	0.70565
54.2388	0.70417
54.3638	0.70244
54.4891	0.70084
54.6147	0.69907
54.7406	0.69745
54.8668	0.69592
54.9933	0.69436
55.1201	0.69256
55.2471	0.69089
55.3745	0.68912
55.5022	0.68735
55.6301	0.68559
55.7583	0.68377
55.8869	0.68192
56.0157	0.68023
56.1448	0.67865
56.2743	0.67671
56.404	0.67508
56.534	0.67303
56.6643	0.67139
56.795	0.66923
56.9259	0.66748
57.0571	0.66559
57.1887	0.66384
57.3205	0.66198
57.4526	0.66001
57.5851	0.65783
57.7178	0.65627
57.8509	0.65423
57.9842	0.6521
58.1179	0.64987
58.2519	0.64807
58.3862	0.64609
58.5207	0.64433
58.6557	0.64193
58.7909	0.63989
58.9264	0.63778
59.0622	0.63547
59.1984	0.63359
59.3349	0.63114
59.4716	0.62903
59.6087	0.62702
59.7461	0.62471
59.8839	0.6225
60.0219	0.62025
60.1603	0.61806
60.299	0.6157
60.438	0.61343
60.5773	0.61091
60.7169	0.60829
60.8569	0.60615
60.9972	0.60342
61.1378	0.60126
61.2787	0.5987
61.42	0.59613
61.5616	0.59366
61.7035	0.5911
61.8458	0.58812
61.9883	0.58587
62.1312	0.58316
62.2744	0.58043
62.418	0.57753
62.5619	0.5749
62.7061	0.57211
62.8507	0.56926
62.9956	0.56633
63.1408	0.56319
63.2863	0.56022
63.4322	0.55707
63.5784	0.55392
63.725	0.55087
63.8719	0.5478
64.0191	0.54446
64.1667	0.54162
64.3146	0.53798
64.4629	0.53454
64.6115	0.5314
64.7605	0.52801
64.9097	0.52437
65.0594	0.52109
65.2094	0.5176
65.3597	0.51432
65.5103	0.51081
65.6614	0.50754
65.8127	0.50398
65.9644	0.50087
66.1165	0.49757
66.2689	0.4943
66.4217	0.4913
66.5748	0.48823
66.7283	0.48511
66.8821	0.48256
67.0363	0.47934
67.1908	0.47689
67.3457	0.47411
67.5009	0.47158
67.6566	0.46899
67.8125	0.46648
67.9688	0.46421
68.1255	0.46195
68.2826	0.45962
68.44	0.45742
68.5978	0.45528
68.7559	0.45307
68.9144	0.4509
69.0732	0.44884
69.2325	0.44682
69.3921	0.44462
69.552	0.44254
69.7124	0.44059
69.8731	0.43829
70.0342	0.43602
70.1956	0.43393
70.3574	0.43183
70.5196	0.42964
70.6822	0.42694
70.8451	0.42472
71.0084	0.42211
71.1721	0.4196
71.3362	0.41702
71.5006	0.41466
71.6655	0.41182
71.8307	0.40926
71.9963	0.40653
72.1622	0.40365
72.3286	0.40072
72.4953	0.39784
72.6624	0.39507
72.8299	0.39211
72.9978	0.38915
73.1661	0.38619
73.3348	0.38321
73.5038	0.38001
73.6733	0.37711
73.8431	0.37406
74.0133	0.37086
74.1839	0.36778
74.3549	0.36459
74.5264	0.36163
74.6982	0.35847
74.8704	0.35528
75.0429	0.35212
75.2159	0.34911
75.3893	0.34602
75.5631	0.34287
75.7373	0.33986
75.9119	0.33667
76.0869	0.33352
76.2623	0.33065
76.4381	0.32749
76.6143	0.32455
76.7909	0.32166
76.9679	0.31869
77.1454	0.31574
77.3232	0.3129
77.5015	0.31009
77.6801	0.30728
77.8592	0.30442
78.0387	0.30182
78.2186	0.29917
78.3989	0.29662
78.5796	0.29396
78.7608	0.29144
78.9423	0.28899
79.1243	0.2866
79.3067	0.28427
79.4895	0.28201
79.6728	0.2798
79.8564	0.27771
80.0405	0.27552
80.225	0.27357
80.41	0.27164
80.5953	0.26977
80.7811	0.26793
80.9673	0.26623
81.154	0.26463
81.3411	0.26309
81.5286	0.26159
81.7165	0.26015
81.9049	0.25882
82.0937	0.25747
82.283	0.25628
82.4726	0.25516
82.6628	0.25407
82.8533	0.25301
83.0443	0.25202
83.2357	0.2511
83.4276	0.2502
83.6199	0.24944
83.8127	0.24864
84.0059	0.24798
84.1996	0.24726
84.3937	0.24662
84.5882	0.24597
84.7832	0.24544
84.9787	0.24494
85.1746	0.24446
85.3709	0.24401
85.5677	0.24359
85.765	0.24317
85.9627	0.24277
86.1608	0.24236
86.3595	0.24197
86.5585	0.24162
86.7581	0.24125
86.9581	0.24083
87.1585	0.24041
87.3594	0.23996
87.5608	0.23948
87.7627	0.23899
87.965	0.23845
88.1678	0.2379
88.371	0.23732
88.5747	0.2367
88.7789	0.23608
88.9836	0.23543
89.1887	0.23473
89.3943	0.23404
89.6004	0.23334
89.8069	0.23263
90.014	0.23194
90.2215	0.23122
90.4294	0.23053
90.6379	0.22985
90.8469	0.22921
91.0563	0.22859
91.2662	0.228
91.4766	0.22745
91.6874	0.22692
91.8988	0.22646
92.1107	0.22604
92.323	0.22569
92.5358	0.22536
92.7491	0.2251
92.9629	0.22492
93.1772	0.22478
93.392	0.22469
93.6073	0.2247
93.8231	0.22473
94.0394	0.22482
94.2562	0.22498
94.4735	0.22518
94.6913	0.22543
94.9095	0.22573
95.1283	0.2261
95.3476	0.22648
95.5674	0.22693
95.7877	0.22739
96.0085	0.22793
96.2299	0.22848
96.4517	0.22907
96.674	0.2297
96.8969	0.23034
97.1203	0.23102
97.3442	0.23172
97.5686	0.23244
97.7935	0.23319
98.0189	0.23397
98.2449	0.23474
98.4713	0.23554
98.6983	0.23638
98.9259	0.23721
99.1539	0.23807
99.3825	0.23892
99.6116	0.2398
99.8412	0.2407
100.071	0.2416
100.302	0.24251
100.533	0.24345
100.765	0.24438
100.997	0.24533
101.23	0.24629
101.464	0.24726
101.697	0.24823
101.932	0.24923
102.167	0.25022
102.402	0.25123
102.638	0.25226
102.875	0.25331
103.112	0.25435
103.35	0.25542
103.588	0.25649
103.827	0.25757
104.066	0.25868
104.306	0.2598
104.547	0.26093
104.788	0.26208
105.029	0.26325
105.271	0.26442
105.514	0.26563
105.757	0.26684
106.001	0.26808
106.245	0.26933
106.49	0.2706
106.736	0.2719
106.982	0.27321
107.228	0.27455
107.476	0.27591
107.723	0.2773
107.972	0.2787
108.221	0.28013
108.47	0.2816
108.72	0.28309
108.971	0.28461
109.222	0.28616
109.474	0.28775
109.726	0.28937
109.979	0.29103
110.233	0.29274
110.487	0.29448
110.741	0.29627
110.997	0.29811
111.253	0.3
111.509	0.30194
111.766	0.30395
112.024	0.30603
112.282	0.30816
112.541	0.31038
112.8	0.31267
113.06	0.31504
113.321	0.3175
113.582	0.32005
113.844	0.3227
114.106	0.32545
114.369	0.32831
114.633	0.33127
114.897	0.33434
115.162	0.33752
115.428	0.34082
115.694	0.34424
115.96	0.34776
116.228	0.35139
116.496	0.35512
116.764	0.35894
117.033	0.36285
117.303	0.36683
117.574	0.37087
117.845	0.37496
118.116	0.37906
118.389	0.38318
118.662	0.38728
118.935	0.39134
119.209	0.39535
119.484	0.39926
119.759	0.40306
120.036	0.40675
120.312	0.41028
120.59	0.41365
120.868	0.41684
121.146	0.41984
121.425	0.42264
121.705	0.42526
121.986	0.42769
122.267	0.42992
122.549	0.43198
122.832	0.43388
123.115	0.43563
123.398	0.43723
123.683	0.43871
123.968	0.44009
124.254	0.44137
124.54	0.44255
124.827	0.44367
125.115	0.44472
125.404	0.44572
125.693	0.44669
125.982	0.44762
126.273	0.44854
126.564	0.44945
126.856	0.45038
127.148	0.45132
127.441	0.45229
127.735	0.4533
128.029	0.45435
128.325	0.45545
128.62	0.45661
128.917	0.45782
129.214	0.45909
129.512	0.46042
129.811	0.4618
130.11	0.46325
130.41	0.46476
130.71	0.46632
131.012	0.46792
131.314	0.46957
131.616	0.47127
131.92	0.47301
132.224	0.47478
132.529	0.47659
132.834	0.47843
133.14	0.4803
133.447	0.4822
133.755	0.48412
134.063	0.48605
134.372	0.48801
134.682	0.49
134.993	0.49199
135.304	0.49401
135.616	0.49604
135.928	0.49809
136.242	0.50015
136.556	0.50223
136.871	0.50431
137.186	0.50642
137.502	0.50853
137.819	0.51066
138.137	0.51279
138.455	0.51493
138.775	0.51707
139.094	0.51921
139.415	0.52135
139.737	0.52347
140.059	0.52559
140.382	0.52768
140.705	0.52975
141.029	0.53179
141.355	0.53379
141.68	0.53575
142.007	0.53767
142.334	0.53953
142.663	0.54133
142.991	0.54308
143.321	0.54477
143.651	0.5464
143.983	0.54797
144.314	0.54949
144.647	0.55097
144.981	0.55241
145.315	0.55382
145.65	0.5552
145.986	0.55658
146.322	0.55796
146.659	0.55934
146.997	0.56076
147.336	0.56222
147.676	0.56372
148.016	0.56529
148.358	0.56693
148.7	0.56864
149.042	0.57044
149.386	0.57234
149.73	0.57432
150.076	0.5764
150.421	0.57857
150.768	0.58084
151.116	0.58319
151.464	0.58563
151.813	0.58815
152.163	0.59074
152.514	0.59338
152.866	0.59607
153.218	0.59881
153.571	0.60157
153.925	0.60433
154.28	0.60709
154.636	0.60984
154.992	0.61255
155.35	0.61522
155.708	0.61782
156.067	0.62034
156.426	0.62277
156.787	0.62509
157.148	0.62729
157.511	0.62936
157.874	0.63129
158.238	0.63308
158.602	0.63472
158.968	0.6362
159.335	0.63753
159.702	0.6387
160.07	0.63973
160.439	0.64062
160.809	0.64138
161.18	0.64202
161.551	0.64255
161.923	0.643
162.297	0.64337
162.671	0.64368
163.046	0.64396
163.422	0.64422
163.798	0.64447
164.176	0.64473
164.555	0.64503
164.934	0.64536
165.314	0.64575
165.695	0.64621
166.077	0.64674
166.46	0.64736
166.844	0.64807
167.228	0.64888
167.614	0.64981
168	0.65086
168.388	0.65203
168.776	0.65333
169.165	0.65478
169.555	0.65637
169.946	0.65813
170.337	0.66005
170.73	0.66214
171.124	0.66442
171.518	0.66688
171.913	0.66953
172.31	0.67238
172.707	0.67541
173.105	0.67865
173.504	0.68206
173.904	0.68564
174.305	0.68939
174.707	0.69329
175.11	0.69732
175.513	0.70146
175.918	0.70568
176.323	0.70997
176.73	0.71431
177.137	0.71866
177.546	0.72302
177.955	0.72736
178.365	0.73167
178.776	0.73592
179.188	0.74013
179.601	0.74428
180.015	0.74841
180.43	0.75253
180.846	0.75671
181.263	0.76101
181.681	0.76548
182.1	0.7702
182.52	0.7752
182.941	0.78047
183.362	0.78599
183.785	0.79168
184.209	0.79747
184.633	0.80328
185.059	0.80905
185.485	0.81473
185.913	0.82032
186.342	0.82582
186.771	0.83124
187.202	0.83662
187.633	0.84195
188.066	0.84727
188.499	0.85257
188.934	0.85788
189.369	0.86319
189.806	0.8685
190.244	0.87383
190.682	0.87917
191.122	0.88452
191.562	0.88988
192.004	0.89526
192.446	0.90066
192.89	0.90608
193.335	0.91151
193.78	0.91696
194.227	0.92244
194.675	0.92793
195.124	0.93345
195.573	0.93899
196.024	0.94456
196.476	0.95015
196.929	0.95577
197.383	0.96142
197.838	0.96709
198.294	0.97279
198.751	0.97853
199.209	0.98429
199.669	0.99009
200.129	0.99592
200.59	1.00178
201.053	1.00768
201.516	1.01361
201.981	1.01958
202.446	1.02559
202.913	1.03163
203.381	1.03772
203.85	1.04384
204.32	1.05001
204.791	1.05622
205.263	1.06246
205.736	1.06876
206.21	1.07509
206.685	1.08147
207.162	1.0879
207.639	1.09438
208.118	1.1009
208.598	1.10747
209.079	1.11409
209.561	1.12076
210.044	1.12748
210.528	1.13426
211.013	1.14109
211.5	1.14798
211.987	1.15492
212.476	1.16192
212.966	1.16898
213.457	1.17611
213.949	1.18331
214.442	1.19057
214.936	1.19792
215.432	1.20535
215.928	1.21287
216.426	1.2205
216.925	1.22825
217.425	1.23613
217.926	1.24416
218.429	1.25236
218.932	1.26076
219.437	1.26939
219.943	1.27827
220.45	1.28745
220.958	1.29695
221.467	1.30681
221.978	1.31707
222.49	1.32776
223.003	1.33891
223.517	1.35055
224.032	1.36269
224.548	1.37534
225.066	1.38849
225.585	1.40212
226.105	1.4162
226.626	1.43067
227.149	1.44548
227.672	1.46053
228.197	1.47573
228.723	1.49096
229.25	1.5061
229.779	1.52102
230.308	1.53557
230.839	1.54962
231.372	1.56304
231.905	1.57568
232.439	1.58743
232.975	1.59819
233.512	1.60787
234.051	1.61641
234.59	1.62377
235.131	1.62993
235.673	1.6349
236.216	1.63873
236.761	1.64146
237.307	1.64319
237.854	1.64401
238.402	1.64405
238.952	1.64342
239.502	1.64226
240.055	1.64071
240.608	1.63891
241.163	1.63698
241.718	1.63505
242.276	1.63321
242.834	1.63158
243.394	1.63022
243.955	1.62921
244.517	1.62859
245.081	1.6284
245.646	1.62866
246.212	1.62938
246.78	1.63056
247.349	1.63219
247.919	1.63424
248.491	1.63671
249.063	1.63956
249.638	1.64277
250.213	1.6463
250.79	1.65013
251.368	1.65423
251.947	1.65858
252.528	1.66315
253.11	1.66793
253.694	1.6729
254.279	1.67807
254.865	1.68341
255.452	1.68895
256.041	1.69469
256.631	1.70066
257.223	1.70689
257.816	1.71342
258.41	1.72031
259.006	1.72762
259.603	1.73542
260.202	1.74381
260.801	1.75289
261.403	1.76278
262.005	1.77361
262.609	1.78551
263.215	1.79865
263.821	1.81317
264.429	1.82925
265.039	1.84705
265.65	1.86675
266.262	1.8885
266.876	1.91246
267.491	1.93877
268.108	1.96757
268.726	1.99896
269.346	2.03302
269.967	2.06982
270.589	2.10938
271.213	2.15171
271.838	2.19675
272.464	2.24445
273.093	2.29468
273.722	2.34732
274.353	2.40217
274.986	2.45903
275.619	2.51768
276.255	2.57788
276.892	2.6394
277.53	2.70202
278.17	2.7656
278.811	2.83007
279.454	2.89546
280.098	2.96195
280.744	3.02989
281.391	3.09977
282.039	3.1722
282.69	3.24789
283.341	3.32754
283.994	3.41173
284.649	3.50086
285.305	3.59501
285.963	3.69386
286.622	3.79672
287.283	3.90248
287.945	4.0097
288.609	4.11671
289.274	4.22173
289.941	4.32299
290.61	4.4189
291.279	4.5081
291.951	4.58957
292.624	4.66267
293.299	4.72711
293.975	4.78296
294.652	4.83057
295.332	4.87052
296.012	4.90353
296.695	4.93042
297.379	4.95199
298.064	4.96904
298.751	4.98232
299.44	4.99246
300.13	5.00005
300.822	5.00556
301.516	5.00941
302.211	5.01195
302.907	5.01346
303.606	5.01418
304.306	5.01433
305.007	5.01407
305.71	5.01356
306.415	5.01291
307.121	5.01224
307.829	5.01164
308.539	5.01119
309.25	5.01094
309.963	5.01095
310.678	5.01126
311.394	5.0119
312.112	5.01289
312.831	5.01425
313.552	5.01598
314.275	5.0181
315	5.02059
315.726	5.02345
316.453	5.02667
317.183	5.03024
317.914	5.03415
318.647	5.03837
319.382	5.04289
320.118	5.0477
320.856	5.05277
321.595	5.0581
322.337	5.06366
323.08	5.06944
323.825	5.07543
324.571	5.0816
325.319	5.08797
326.069	5.0945
326.821	5.1012
327.574	5.10807
328.329	5.11509
329.086	5.12226
329.845	5.1296
330.605	5.13709
331.367	5.14475
332.131	5.15259
332.897	5.16061
333.664	5.16882
334.434	5.17726
335.205	5.18592
335.977	5.19485
336.752	5.20406
337.528	5.21359
338.306	5.22348
339.086	5.23376
339.868	5.24447
340.651	5.25567
341.436	5.2674
342.224	5.27972
343.012	5.29268
343.803	5.30636
344.596	5.32081
345.39	5.33612
346.186	5.35237
346.984	5.36968
347.784	5.38817
348.586	5.408
349.39	5.42936
350.195	5.45252
351.002	5.47775
351.811	5.50543
352.622	5.53595
353.435	5.56977
354.25	5.60736
355.067	5.64921
355.885	5.69574
356.706	5.74733
357.528	5.80421
358.352	5.86647
359.178	5.93398
360.006	6.00642
360.836	6.08321
361.668	6.16352
362.502	6.24631
363.337	6.33032
364.175	6.4141
365.014	6.49609
365.856	6.57461
366.699	6.648
367.544	6.71459
368.392	6.77287
369.241	6.8215
370.092	6.85939
370.945	6.88577
371.8	6.90025
372.658	6.90281
373.517	6.89383
374.378	6.87404
375.241	6.84451
376.106	6.80654
376.973	6.76159
377.842	6.71121
378.713	6.65693
379.586	6.60015
380.461	6.54216
381.338	6.48401
382.217	6.42653
383.098	6.37033
383.981	6.31582
384.866	6.26323
385.754	6.21262
386.643	6.16399
387.534	6.11725
388.427	6.07227
389.323	6.02892
390.22	5.98704
391.12	5.94653
392.021	5.90726
392.925	5.86915
393.831	5.83211
394.739	5.7961
395.649	5.76105
396.561	5.72694
397.475	5.69374
398.391	5.66142
399.31	5.62995
400.23	5.59933
401.153	5.56952
402.078	5.54052
403.004	5.51229
403.934	5.48482
404.865	5.45809
405.798	5.43207
406.733	5.40673
407.671	5.38206
408.611	5.35803
409.553	5.33461
410.497	5.31178
411.443	5.28952
412.392	5.26779
413.342	5.24658
414.295	5.22586
415.25	5.20562
416.207	5.18582
417.167	5.16645
418.129	5.14749
419.092	5.12892
420.059	5.11073
421.027	5.09289
421.998	5.0754
422.97	5.05823
423.945	5.04137
424.923	5.02482
425.902	5.00856
426.884	4.99258
427.868	4.97686
428.854	4.96141
429.843	4.9462
430.834	4.93124
431.827	4.91652
432.823	4.90202
433.82	4.88774
434.82	4.87368
435.823	4.85983
436.827	4.84618
437.834	4.83273
438.844	4.81948
439.855	4.80641
440.869	4.79353
441.886	4.78083
442.904	4.76831
443.925	4.75597
444.949	4.74379
445.974	4.73179
447.002	4.71994
448.033	4.70826
449.066	4.69674
450.101	4.68537
451.138	4.67416
452.178	4.66309
453.221	4.65218
454.266	4.64141
455.313	4.63078
456.362	4.62029
457.414	4.60995
458.469	4.59974
459.526	4.58966
460.585	4.57971
461.647	4.5699
462.711	4.56021
463.778	4.55065
464.847	4.54122
465.918	4.5319
466.992	4.52271
468.069	4.51364
469.148	4.50468
470.23	4.49583
471.313	4.4871
472.4	4.47848
473.489	4.46997
474.58	4.46157
475.675	4.45327
476.771	4.44508
477.87	4.43699
478.972	4.429
480.076	4.42111
481.183	4.41332
482.292	4.40562
483.404	4.39802
484.518	4.39051
485.635	4.38309
486.754	4.37576
487.876	4.36852
489.001	4.36136
490.128	4.35429
491.258	4.34731
492.391	4.3404
493.526	4.33358
494.664	4.32684
495.804	4.32017
496.947	4.31358
498.092	4.30706
499.241	4.30062
500.391	4.29425
501.545	4.28795
502.701	4.28173
503.86	4.27557
505.022	4.26947
506.186	4.26345
507.353	4.25749
508.522	4.25159
509.694	4.24575
510.869	4.23998
512.047	4.23427
513.227	4.22861
514.411	4.22302
515.596	4.21748
516.785	4.21199
517.976	4.20657
519.17	4.20119
520.367	4.19587
521.567	4.19061
522.769	4.18539
523.974	4.18022
525.182	4.17511
526.393	4.17004
527.606	4.16502
528.822	4.16005
530.042	4.15512
531.263	4.15024
532.488	4.1454
533.716	4.14061
534.946	4.13586
536.179	4.13116
537.415	4.12649
538.654	4.12187
539.896	4.11729
541.14	4.11275
542.388	4.10825
543.638	4.10378
544.891	4.09936
546.147	4.09497
547.406	4.09062
548.668	4.08631
549.933	4.08203
551.201	4.07779
552.471	4.07358
553.745	4.06941
555.022	4.06527
556.301	4.06117
557.583	4.0571
558.869	4.05306
560.157	4.04906
561.448	4.04508
562.743	4.04114
564.04	4.03723
565.34	4.03335
566.643	4.0295
567.95	4.02568
569.259	4.02189
570.571	4.01813
571.887	4.0144
573.205	4.0107
574.526	4.00703
575.851	4.00338
577.178	3.99976
578.509	3.99617
579.842	3.99261
581.179	3.98907
582.519	3.98556
583.862	3.98208
585.207	3.97862
586.557	3.97519
587.909	3.97178
589.264	3.9684
590.622	3.96505
591.984	3.96172
593.349	3.95841
594.716	3.95513
596.087	3.95187
597.461	3.94863
598.839	3.94542
600.219	3.94223
601.603	3.93907
602.99	3.93593
604.38	3.93281
605.773	3.92971
607.169	3.92664
608.569	3.92359
609.972	3.92056
611.378	3.91755
612.787	3.91456
614.2	3.9116
615.616	3.90865
617.035	3.90573
618.458	3.90283
619.883	3.89994
621.312	3.89708
622.744	3.89424
624.18	3.89142
625.619	3.88862
627.061	3.88584
628.507	3.88307
629.956	3.88033
631.408	3.87761
632.863	3.8749
634.322	3.87222
635.784	3.86955
637.25	3.8669
638.719	3.86427
640.191	3.86166
641.667	3.85907
643.146	3.85649
644.629	3.85393
646.115	3.85139
647.605	3.84887
649.097	3.84636
650.594	3.84388
652.094	3.84141
653.597	3.83895
655.103	3.83651
656.614	3.83409
658.127	3.83169
659.644	3.8293
661.165	3.82693
662.689	3.82458
664.217	3.82224
665.748	3.81992
667.283	3.81761
668.821	3.81532
670.363	3.81304
671.908	3.81078
673.457	3.80854
675.009	3.80631
676.566	3.80409
678.125	3.80189
679.688	3.79971
681.255	3.79754
682.826	3.79538
684.4	3.79324
685.978	3.79112
687.559	3.78901
689.144	3.78691
690.732	3.78483
692.325	3.78276
693.921	3.7807
695.52	3.77866
697.124	3.77663
698.731	3.77462
700.342	3.77262
701.956	3.77063
703.574	3.76866
705.196	3.7667
706.822	3.76475
708.451	3.76282
710.084	3.76089
711.721	3.75899
713.362	3.75709
715.006	3.75521
716.655	3.75334
718.307	3.75148
719.963	3.74964
721.622	3.7478
723.286	3.74598
724.953	3.74418
726.624	3.74238
728.299	3.7406
729.978	3.73883
731.661	3.73707
733.348	3.73532
735.038	3.73358
736.733	3.73186
738.431	3.73015
740.133	3.72845
741.839	3.72676
743.549	3.72508
745.264	3.72342
746.982	3.72176
748.704	3.72012
750.429	3.71849
752.159	3.71686
753.893	3.71526
755.631	3.71366
757.373	3.71207
759.119	3.71049
760.869	3.70893
762.623	3.70737
764.381	3.70583
766.143	3.70429
767.909	3.70277
769.679	3.70126
771.454	3.69975
773.232	3.69826
775.015	3.69678
776.801	3.69531
778.592	3.69385
780.387	3.6924
782.186	3.69096
783.989	3.68952
785.796	3.6881
787.608	3.68669
789.423	3.68529
791.243	3.6839
793.067	3.68251
794.895	3.68114
796.728	3.67978
798.564	3.67842
800.405	3.67708
802.25	3.67574
804.1	3.67441
805.953	3.67309
807.811	3.67178
809.673	3.67048
811.54	3.66919
813.411	3.6679
815.286	3.66662
817.165	3.66536
819.049	3.6641
820.937	3.66284
822.83	3.6616
824.726	3.66036
826.628	3.65913
828.533	3.65791
830.443	3.65669
832.357	3.65548
834.276	3.65428
836.199	3.65308
838.127	3.6519
840.059	3.65071
841.996	3.64954
843.937	3.64837
845.882	3.64721
847.832	3.64605
849.787	3.6449
851.746	3.64375
853.709	3.64261
855.677	3.64148
857.65	3.64035
859.627	3.63923
861.608	3.63811
863.595	3.63699
865.585	3.63589
867.581	3.63478
869.581	3.63369
871.585	3.63259
873.594	3.6315
875.608	3.63042
877.627	3.62934
879.65	3.62827
881.678	3.6272
883.71	3.62613
885.747	3.62507
887.789	3.62402
889.836	3.62297
891.887	3.62192
893.943	3.62088
896.004	3.61984
898.069	3.61881
900.14	3.61778
902.215	3.61676
904.294	3.61574
906.379	3.61473
908.469	3.61372
910.563	3.61271
912.662	3.61171
914.766	3.61071
916.874	3.60972
918.988	3.60873
921.107	3.60775
923.23	3.60677
925.358	3.6058
927.491	3.60483
929.629	3.60386
931.772	3.6029
933.92	3.60195
936.073	3.601
938.231	3.60005
940.394	3.59911
942.562	3.59817
944.735	3.59724
946.913	3.59631
949.095	3.59539
951.283	3.59447
953.476	3.59356
955.674	3.59265
957.877	3.59174
960.085	3.59084
962.299	3.58995
964.517	3.58905
966.74	3.58817
968.969	3.58729
971.203	3.58641
973.442	3.58554
975.686	3.58467
977.935	3.58381
980.189	3.58295
982.449	3.58209
984.713	3.58124
986.983	3.5804
989.259	3.57956
991.539	3.57872
993.825	3.57789
996.116	3.57706
998.412	3.57624
1000.71	3.57542
1003.02	3.57461
1005.33	3.5738
1007.65	3.573
1009.97	3.5722
1012.3	3.5714
1014.64	3.57061
1016.97	3.56982
1019.32	3.56904
1021.67	3.56826
1024.02	3.56749
1026.38	3.56672
1028.75	3.56595
1031.12	3.56519
1033.5	3.56444
1035.88	3.56368
1038.27	3.56293
1040.66	3.56219
1043.06	3.56145
1045.47	3.56072
1047.88	3.55998
1050.29	3.55926
1052.71	3.55853
1055.14	3.55782
1057.57	3.5571
1060.01	3.55639
1062.45	3.55568
1064.9	3.55498
1067.36	3.55428
1069.82	3.55359
1072.28	3.5529
1074.76	3.55221
1077.23	3.55153
1079.72	3.55085
1082.21	3.55017
1084.7	3.5495
1087.2	3.54884
1089.71	3.54817
1092.22	3.54752
1094.74	3.54686
1097.26	3.54621
1099.79	3.54556
1102.33	3.54492
1104.87	3.54428
1107.41	3.54364
1109.97	3.54301
1112.53	3.54238
1115.09	3.54176
1117.66	3.54114
1120.24	3.54052
1122.82	3.5399
1125.41	3.53929
1128	3.53869
1130.6	3.53808
1133.21	3.53748
1135.82	3.53688
1138.44	3.53629
1141.06	3.5357
1143.69	3.53511
1146.33	3.53453
1148.97	3.53395
1151.62	3.53337
1154.28	3.53279
1156.94	3.53222
1159.6	3.53165
1162.28	3.53109
1164.96	3.53053
1167.64	3.52997
1170.33	3.52941
1173.03	3.52886
1175.74	3.52831
1178.45	3.52776
1181.16	3.52722
1183.89	3.52668
1186.62	3.52614
1189.35	3.5256
1192.09	3.52507
1194.84	3.52454
1197.59	3.52401
1200.36	3.52349
1203.12	3.52297
1205.9	3.52245
1208.68	3.52194
1211.46	3.52142
1214.25	3.52091
1217.05	3.52041
1219.86	3.5199
1222.67	3.5194
1225.49	3.5189
1228.32	3.51841
1231.15	3.51791
1233.98	3.51742
1236.83	3.51694
1239.68	3.51645
1242.54	3.51597
1245.4	3.51549
1248.27	3.51501
1251.15	3.51453
1254.04	3.51406
1256.93	3.51359
1259.82	3.51312
1262.73	3.51266
1265.64	3.51219
1268.56	3.51173
1271.48	3.51127
1274.41	3.51082
1277.35	3.51037
1280.29	3.50991
1283.25	3.50947
1286.2	3.50902
1289.17	3.50858
1292.14	3.50813
1295.12	3.50769
1298.11	3.50726
1301.1	3.50682
1304.1	3.50639
1307.1	3.50596
1310.12	3.50553
1313.14	3.50511
1316.16	3.50468
1319.2	3.50426
1322.24	3.50384
1325.29	3.50342
1328.34	3.50301
1331.4	3.5026
1334.47	3.50219
1337.55	3.50178
1340.63	3.50137
1343.72	3.50097
1346.82	3.50057
1349.93	3.50017
1353.04	3.49977
1356.16	3.49937
1359.28	3.49898
1362.42	3.49858
1365.56	3.49819
1368.71	3.49781
1371.86	3.49742
1375.02	3.49704
1378.19	3.49665
1381.37	3.49627
1384.55	3.4959
1387.75	3.49552
1390.94	3.49515
1394.15	3.49477
1397.37	3.4944
1400.59	3.49403
1403.82	3.49367
1407.05	3.4933
1410.29	3.49294
1413.55	3.49258
1416.8	3.49222
1420.07	3.49186
1423.34	3.49151
1426.63	3.49115
1429.91	3.4908
1433.21	3.49045
1436.51	3.4901
1439.83	3.48975
1443.14	3.48941
1446.47	3.48907
1449.81	3.48872
1453.15	3.48838
1456.5	3.48805
1459.86	3.48771
1463.22	3.48737
1466.59	3.48704
1469.97	3.48671
1473.36	3.48638
1476.76	3.48605
1480.16	3.48573
1483.58	3.4854
1487	3.48508
1490.42	3.48476
1493.86	3.48444
1497.3	3.48412
1500.76	3.4838
1504.21	3.48349
1507.68	3.48317
1511.16	3.48286
1514.64	3.48255
1518.13	3.48224
1521.63	3.48193
1525.14	3.48163
1528.66	3.48132
1532.18	3.48102
1535.71	3.48072
1539.25	3.48042
1542.8	3.48012
1546.36	3.47983
1549.92	3.47953
1553.5	3.47924
1557.08	3.47894
1560.67	3.47865
1564.26	3.47836
1567.87	3.47808
1571.48	3.47779
1575.11	3.4775
1578.74	3.47722
1582.38	3.47694
1586.02	3.47666
1589.68	3.47638
1593.35	3.4761
1597.02	3.47582
1600.7	3.47555
1604.39	3.47527
1608.09	3.475
1611.8	3.47473
1615.51	3.47446
1619.23	3.47419
1622.97	3.47392
1626.71	3.47366
1630.46	3.47339
1634.22	3.47313
1637.98	3.47287
1641.76	3.47261
1645.55	3.47235
1649.34	3.47209
1653.14	3.47183
1656.95	3.47158
1660.77	3.47132
1664.6	3.47107
1668.44	3.47082
1672.28	3.47057
1676.14	3.47032
1680	3.47007
1683.88	3.46982
1687.76	3.46958
1691.65	3.46933
1695.55	3.46909
1699.46	3.46885
1703.37	3.46861
1707.3	3.46837
1711.24	3.46813
1715.18	3.46789
1719.13	3.46765
1723.1	3.46742
1727.07	3.46718
1731.05	3.46695
1735.04	3.46672
1739.04	3.46649
1743.05	3.46626
1747.07	3.46603
1751.1	3.4658
1755.13	3.46558
1759.18	3.46535
1763.23	3.46513
1767.3	3.46491
1771.37	3.46468
1775.46	3.46446
1779.55	3.46424
1783.65	3.46403
1787.76	3.46381
1791.88	3.46359
1796.01	3.46338
1800.15	3.46316
1804.3	3.46295
1808.46	3.46274
1812.63	3.46253
1816.81	3.46232
1821	3.46211
1825.2	3.4619
1829.41	3.46169
1833.62	3.46148
1837.85	3.46128
1842.09	3.46108
1846.33	3.46087
1850.59	3.46067
1854.85	3.46047
1859.13	3.46027
1863.42	3.46007
1867.71	3.45987
1872.02	3.45968
1876.33	3.45948
1880.66	3.45928
1884.99	3.45909
1889.34	3.4589
1893.69	3.4587
1898.06	3.45851
1902.44	3.45832
1906.82	3.45813
1911.22	3.45794
1915.62	3.45775
1920.04	3.45757
1924.46	3.45738
1928.9	3.4572
1933.35	3.45701
1937.8	3.45683
1942.27	3.45665
1946.75	3.45646
1951.24	3.45628
1955.73	3.4561
1960.24	3.45592
1964.76	3.45575
1969.29	3.45557
1973.83	3.45539
1978.38	3.45522
1982.94	3.45504
1987.51	3.45487
1992.09	3.4547
1996.69	3.45452
2001.29	3.45435
2005.9	3.45418
2010.53	3.45401
2015.16	3.45384
2019.81	3.45367
2024.46	3.45351
2029.13	3.45334
2033.81	3.45317
2038.5	3.45301
2043.2	3.45285
2047.91	3.45268
2052.63	3.45252
2057.36	3.45236
2062.1	3.4522
2066.85	3.45204
2071.62	3.45188
2076.39	3.45172
2081.18	3.45156
2085.98	3.4514
2090.79	3.45125
2095.61	3.45109
2100.44	3.45094
2105.28	3.45078
2110.13	3.45063
2115	3.45048
2119.87	3.45032
2124.76	3.45017
2129.66	3.45002
2134.57	3.44987
2139.49	3.44972
2144.42	3.44958
2149.36	3.44943
2154.32	3.44928
2159.28	3.44913
2164.26	3.44899
2169.25	3.44884
2174.25	3.4487
2179.26	3.44856
2184.29	3.44841
2189.32	3.44827
2194.37	3.44813
2199.43	3.44799
2204.5	3.44785
2209.58	3.44771
2214.67	3.44757
2219.78	3.44743
2224.9	3.4473
2230.03	3.44716
2235.17	3.44702
2240.32	3.44689
2245.48	3.44675
2250.66	3.44662
2255.85	3.44648
2261.05	3.44635
2266.26	3.44622
2271.49	3.44609
2276.72	3.44596
2281.97	3.44583
2287.23	3.4457
2292.5	3.44557
2297.79	3.44544
2303.08	3.44531
2308.39	3.44518
2313.72	3.44506
2319.05	3.44493
2324.39	3.4448
2329.75	3.44468
2335.12	3.44456
2340.51	3.44443
2345.9	3.44431
2351.31	3.44419
2356.73	3.44406
2362.16	3.44394
2367.61	3.44382
2373.07	3.4437
2378.54	3.44358
2384.02	3.44346
2389.52	3.44334
2395.02	3.44323
2400.55	3.44311
2406.08	3.44299
2411.63	3.44288
2417.18	3.44276
2422.76	3.44264
2428.34	3.44253
2433.94	3.44242
2439.55	3.4423
2445.17	3.44219
2450.81	3.44208
2456.46	3.44196
2462.12	3.44185
2467.8	3.44174
2473.49	3.44163
2479.19	3.44152
2484.91	3.44141
2490.63	3.4413
2496.38	3.44119
2502.13	3.44109
2507.9	3.44098
2513.68	3.44087
2519.47	3.44077
2525.28	3.44066
2531.1	3.44056
2536.94	3.44045
2542.79	3.44035
2548.65	3.44024
2554.52	3.44014
2560.41	3.44004
2566.31	3.43993
2572.23	3.43983
2578.16	3.43973
2584.1	3.43963
2590.06	3.43953
2596.03	3.43943
2602.02	3.43933
2608.01	3.43923
2614.03	3.43913
2620.05	3.43903
2626.09	3.43894
2632.15	3.43884
2638.21	3.43874
2644.29	3.43865
2650.39	3.43855
2656.5	3.43846
2662.62	3.43836
2668.76	3.43827
2674.91	3.43817
2681.08	3.43808
2687.26	3.43799
2693.46	3.43789
2699.67	3.4378
2705.89	3.43771
2712.13	3.43762
2718.38	3.43753
2724.64	3.43744
2730.93	3.43735
2737.22	3.43726
2743.53	3.43717
2749.86	3.43708
2756.19	3.43699
2762.55	3.4369
2768.92	3.43681
2775.3	3.43673
2781.7	3.43664
2788.11	3.43655
2794.54	3.43647
2800.98	3.43638
2807.44	3.4363
2813.91	3.43621
2820.39	3.43613
2826.9	3.43604
2833.41	3.43596
2839.94	3.43588
2846.49	3.43579
2853.05	3.43571
2859.63	3.43563
2866.22	3.43555
2872.83	3.43547
2879.45	3.43539
2886.09	3.43531
2892.74	3.43523
2899.41	3.43515
2906.1	3.43507
2912.79	3.43499
2919.51	3.43491
2926.24	3.43483
2932.99	3.43475
2939.75	3.43468
2946.52	3.4346
2953.32	3.43452
2960.12	3.43445
2966.95	3.43437
2973.79	3.43429
2980.64	3.43422
2987.51	3.43414
2994.4	3.43407
3001.3	3.43399
3008.22	3.43392
3015.16	3.43385
3022.11	3.43377
3029.07	3.4337
3036.06	3.43363
3043.06	3.43356
3050.07	3.43348
3057.1	3.43341
3064.15	3.43334
3071.21	3.43327
3078.29	3.4332
3085.39	3.43313
3092.5	3.43306
3099.63	3.43299
3106.78	3.43292
3113.94	3.43285
3121.12	3.43278
3128.31	3.43271
3135.52	3.43265
3142.75	3.43258
3150	3.43251
3157.26	3.43244
3164.53	3.43238
3171.83	3.43231
3179.14	3.43225
3186.47	3.43218
3193.82	3.43211
3201.18	3.43205
3208.56	3.43198
3215.95	3.43192
3223.37	3.43186
3230.8	3.43179
3238.25	3.43173
3245.71	3.43166
3253.19	3.4316
3260.69	3.43154
3268.21	3.43148
3275.74	3.43141
3283.29	3.43135
3290.86	3.43129
3298.45	3.43123
3306.05	3.43117
3313.67	3.43111
3321.31	3.43105
3328.97	3.43099
3336.64	3.43093
3344.34	3.43087
3352.05	3.43081
3359.77	3.43075
3367.52	3.43069
3375.28	3.43063
3383.06	3.43057
3390.86	3.43052
3398.68	3.43046
3406.51	3.4304
3414.36	3.43034
3422.24	3.43029
3430.12	3.43023
3438.03	3.43017
3445.96	3.43012
3453.9	3.43006
3461.86	3.43001
3469.84	3.42995
3477.84	3.4299
3485.86	3.42984
3493.9	3.42979
3501.95	3.42973
3510.02	3.42968
3518.11	3.42962
3526.22	3.42957
3534.35	3.42952
3542.5	3.42946
3550.67	3.42941
3558.85	3.42936
3567.06	3.42931
3575.28	3.42925
3583.52	3.4292
3591.78	3.42915
3600.06	3.4291
3608.36	3.42905
3616.68	3.429
3625.02	3.42895
3633.37	3.4289
3641.75	3.42885
3650.14	3.4288
3658.56	3.42875
3666.99	3.4287
3675.44	3.42865
3683.92	3.4286
3692.41	3.42855
3700.92	3.4285
3709.45	3.42845
3718	3.42841
3726.58	3.42836
3735.17	3.42831
3743.78	3.42826
3752.41	3.42822
3761.06	3.42817
3769.73	3.42812
3778.42	3.42807
3787.13	3.42803
3795.86	3.42798
3804.61	3.42794
3813.38	3.42789
3822.17	3.42785
3830.98	3.4278
3839.81	3.42775
3848.66	3.42771
3857.54	3.42767
3866.43	3.42762
3875.34	3.42758
3884.27	3.42753
3893.23	3.42749
3902.2	3.42744
3911.2	3.4274
3920.21	3.42736
3929.25	3.42732
3938.31	3.42727
3947.39	3.42723
3956.49	3.42719
3965.61	3.42715
3974.75	3.4271
3983.91	3.42706
3993.1	3.42702
4002.3	3.42698
4011.53	3.42694
4020.78	3.4269
4030.04	3.42685
4039.34	3.42681
4048.65	3.42677
4057.98	3.42673
4067.33	3.42669
4076.71	3.42665
4086.11	3.42661
4095.53	3.42657
4104.97	3.42653
4114.43	3.4265
4123.92	3.42646
4133.42	3.42642
4142.95	3.42638
4152.5	3.42634
4162.07	3.4263
4171.67	3.42626
4181.29	3.42623
4190.92	3.42619
4200.59	3.42615
4210.27	3.42611
4219.98	3.42608
4229.7	3.42604
4239.45	3.426
4249.23	3.42596
4259.02	3.42593
4268.84	3.42589
4278.68	3.42586
4288.54	3.42582
4298.43	3.42578
4308.34	3.42575
4318.27	3.42571
4328.23	3.42568
4338.2	3.42564
4348.2	3.42561
4358.23	3.42557
4368.27	3.42554
4378.34	3.4255
4388.44	3.42547
4398.55	3.42543
4408.69	3.4254
4418.86	3.42537
4429.04	3.42533
4439.25	3.4253
4449.49	3.42526
4459.74	3.42523
4470.02	3.4252
4480.33	3.42516
4490.66	3.42513
4501.01	3.4251
4511.38	3.42507
4521.78	3.42503
4532.21	3.425
4542.66	3.42497
4553.13	3.42494
4563.62	3.42491
4574.14	3.42487
4584.69	3.42484
4595.26	3.42481
4605.85	3.42478
4616.47	3.42475
4627.11	3.42472
4637.78	3.42469
4648.47	3.42466
4659.18	3.42463
4669.92	3.4246
4680.69	3.42456
4691.48	3.42453
4702.3	3.4245
4713.13	3.42447
4724	3.42444
4734.89	3.42442
4745.8	3.42439
4756.75	3.42436
4767.71	3.42433
4778.7	3.4243
4789.72	3.42427
4800.76	3.42424
4811.83	3.42421
4822.92	3.42418
4834.04	3.42416
4845.18	3.42413
4856.35	3.4241
4867.54	3.42407
4878.76	3.42404
4890.01	3.42401
4901.28	3.42399
4912.58	3.42396
4923.91	3.42393
4935.26	3.4239
4946.64	3.42388
4958.04	3.42385
4969.47	3.42382
4980.92	3.4238
4992.41	3.42377
5003.91	3.42374
5015.45	3.42372
5027.01	3.42369
5038.6	3.42367
5050.22	3.42364
5061.86	3.42361
5073.53	3.42359
5085.22	3.42356
5096.94	3.42354
5108.69	3.42351
5120.47	3.42349
5132.27	3.42346
5144.11	3.42344
5155.96	3.42341
5167.85	3.42339
5179.76	3.42336
5191.7	3.42334
5203.67	3.42331
5215.67	3.42329
5227.69	3.42326
5239.74	3.42324
5251.82	3.42321
5263.93	3.42319
5276.06	3.42317
5288.22	3.42314
5300.42	3.42312
5312.63	3.4231
5324.88	3.42307
5337.16	3.42305
5349.46	3.42303
5361.79	3.423
5374.15	3.42298
5386.54	3.42296
5398.96	3.42293
5411.4	3.42291
5423.88	3.42289
5436.38	3.42287
5448.91	3.42284
5461.47	3.42282
5474.06	3.4228
5486.68	3.42278
5499.33	3.42275
5512.01	3.42273
5524.71	3.42271
5537.45	3.42269
5550.22	3.42267
5563.01	3.42265
5575.83	3.42262
5588.69	3.4226
5601.57	3.42258
5614.48	3.42256
5627.43	3.42254
5640.4	3.42252
5653.4	3.4225
5666.43	3.42248
5679.5	3.42246
5692.59	3.42244
5705.71	3.42242
5718.87	3.4224
5732.05	3.42238
5745.26	3.42236
5758.51	3.42234
5771.78	3.42231
5785.09	3.42229
5798.42	3.42228
5811.79	3.42226
5825.19	3.42224
5838.62	3.42222
5852.07	3.4222
5865.57	3.42218
5879.09	3.42216
5892.64	3.42214
5906.22	3.42212
5919.84	3.4221
5933.49	3.42208
5947.16	3.42206
5960.87	3.42204
5974.61	3.42202
5988.39	3.42201
6002.19	3.42199
6016.03	3.42197
6029.9	3.42195
6043.8	3.42193
6057.73	3.42191
6071.69	3.4219
6085.69	3.42188
6099.72	3.42186
6113.78	3.42184
6127.87	3.42182
6142	3.42181
6156.16	3.42179
6170.35	3.42177
6184.58	3.42175
6198.83	3.42174
6213.12	3.42172
6227.44	3.4217
6241.8	3.42168
6256.19	3.42167
6270.61	3.42165
6285.07	3.42163
6299.56	3.42162
6314.08	3.4216
6328.63	3.42158
6343.22	3.42156
6357.84	3.42155
6372.5	3.42153
6387.19	3.42151
6401.91	3.4215
6416.67	3.42148
6431.46	3.42147
6446.29	3.42145
6461.15	3.42143
6476.05	3.42142
6490.97	3.4214
6505.94	3.42138
6520.94	3.42137
6535.97	3.42135
6551.03	3.42134
6566.14	3.42132
6581.27	3.4213
6596.44	3.42129
6611.65	3.42127
6626.89	3.42125
6642.17	3.42124
6657.48	3.42122
6672.83	3.42121
6688.21	3.42119
6703.63	3.42118
6719.08	3.42116
6734.57	3.42114
6750.09	3.42113
6765.66	3.42111
6781.25	3.4211
6796.88	3.42108
6812.55	3.42107
6828.26	3.42106
6844	3.42104
6859.78	3.42103
6875.59	3.42102
6891.44	3.42101
6907.32	3.42099
6923.25	3.42098
6939.21	3.42097
6955.2	3.42096
6971.24	3.42095
6987.31	3.42093
7003.42	3.42092
7019.56	3.42091
7035.74	3.42089
7051.96	3.42088
7068.22	3.42087
7084.51	3.42085
7100.84	3.42084
7117.21	3.42082
7133.62	3.42081
7150.06	3.4208
7166.55	3.42079
7183.07	3.42077
7199.63	3.42076
7216.22	3.42075
7232.86	3.42073
7249.53	3.42072
7266.24	3.42071
7282.99	3.4207
7299.78	3.42068
7316.61	3.42067
7333.48	3.42066
7350.38	3.42065
7367.33	3.42063
7384.31	3.42062
7401.33	3.42061
7418.39	3.42059
7435.49	3.42058
7452.64	3.42057
7469.82	3.42056
7487.04	3.42054
7504.29	3.42053
7521.59	3.42052
7538.93	3.42051
7556.31	3.42049
7573.73	3.42048
7591.19	3.42047
7608.69	3.42046
7626.23	3.42045
7643.81	3.42044
7661.43	3.42043
7679.09	3.42042
7696.79	3.42041
7714.54	3.4204
7732.32	3.42039
7750.15	3.42038
7768.01	3.42037
7785.92	3.42036
7803.87	3.42034
7821.86	3.42033
7839.89	3.42032
7857.96	3.42031
7876.08	3.4203
7894.23	3.42029
7912.43	3.42028
7930.67	3.42027
7948.95	3.42026
7967.28	3.42025
7985.64	3.42023
8004.05	3.42022
8022.5	3.42021
8041	3.4202
8059.53	3.42019
8078.11	3.42018
8096.73	3.42017
8115.4	3.42015
8134.11	3.42014
8152.86	3.42013
8171.65	3.42012
8190.49	3.42011
8209.37	3.4201
8228.3	3.42008
8247.26	3.42007
8266.28	3.42006
8285.33	3.42005
8304.43	3.42004
8323.57	3.42003
8342.76	3.42002
8361.99	3.42001
8381.27	3.42
8400.59	3.41999
8419.96	3.41998
8439.37	3.41997
8458.82	3.41996
8478.32	3.41995
8497.87	3.41994
8517.46	3.41993
8537.09	3.41992
8556.77	3.41991
8576.5	3.4199
8596.27	3.41989
8616.08	3.41988
8635.95	3.41987
8655.85	3.41987
8675.81	3.41986
8695.81	3.41985
8715.85	3.41984
8735.94	3.41983
8756.08	3.41982
8776.27	3.41981
8796.5	3.41981
8816.78	3.4198
8837.1	3.41979
8857.47	3.41979
8877.89	3.41978
8898.36	3.41977
8918.87	3.41977
8939.43	3.41976
8960.04	3.41975
8980.69	3.41975
9001.4	3.41974
9022.15	3.41973
9042.94	3.41973
9063.79	3.41972
9084.69	3.41972
9105.63	3.41971
9126.62	3.4197
9147.66	3.41969
9168.74	3.41969
9189.88	3.41968
9211.07	3.41967
9232.3	3.41966
9253.58	3.41965
9274.91	3.41965
9296.29	3.41964
9317.72	3.41963
9339.2	3.41962
9360.73	3.41961
9382.31	3.4196
9403.94	3.41959
9425.62	3.41958
9447.35	3.41957
9469.13	3.41956
9490.95	3.41955
9512.83	3.41954
9534.76	3.41953
9556.74	3.41952
9578.77	3.41951
9600.85	3.41951
9622.99	3.41949
9645.17	3.41948
9667.4	3.41947
9689.69	3.41946
9712.03	3.41945
9734.42	3.41944
9756.86	3.41943
9779.35	3.41942
9801.89	3.41942
9824.49	3.41941
9847.13	3.4194
9869.83	3.41939
9892.59	3.41938
9915.39	3.41937
9938.25	3.41936
9961.16	3.41935
9984.12	3.41934
10007.1	3.41933
10030.2	3.41933
10053.3	3.41932
10076.5	3.41931
10099.7	3.4193
10123	3.4193
10146.4	3.41929
10169.7	3.41928
10193.2	3.41928
10216.7	3.41927
10240.2	3.41927
10263.8	3.41926
10287.5	3.41926
10311.2	3.41925
10335	3.41925
10358.8	3.41925
10382.7	3.41924
10406.6	3.41924
10430.6	3.41923
10454.7	3.41923
10478.8	3.41922
10502.9	3.41922
10527.1	3.41921
10551.4	3.41921
10575.7	3.4192
10600.1	3.41919
10624.5	3.41918
10649	3.41918
10673.6	3.41917
10698.2	3.41916
10722.8	3.41915
10747.6	3.41914
10772.3	3.41914
10797.2	3.41913
10822.1	3.41912
10847	3.41912
10872	3.41911
10897.1	3.41911
10922.2	3.4191
10947.4	3.4191
10972.6	3.41909
10997.9	3.41909
11023.3	3.41909
11048.7	3.41909
11074.1	3.41909
11099.7	3.41909
11125.3	3.41909
11150.9	3.41909
11176.6	3.41908
11202.4	3.41908
11228.2	3.41908
11254.1	3.41908
11280	3.41908
11306	3.41908
11332.1	3.41908
11358.2	3.41908
11384.4	3.41908
11410.6	3.41908
11436.9	3.41908
11463.3	3.41908
11489.7	3.41907
11516.2	3.41907
11542.8	3.41907
11569.4	3.41907
11596	3.41907
11622.8	3.41907
11649.6	3.41906
11676.4	3.41906
11703.3	3.41905
11730.3	3.41904
11757.4	3.41903
11784.5	3.41903
11811.6	3.41902
11838.9	3.41901
11866.2	3.419
11893.5	3.41899
11920.9	3.41898
11948.4	3.41897
11975.9	3.41896
12003.6	3.41894
12031.2	3.41894
12059	3.41893
12086.8	3.41892
12114.6	3.41892
12142.5	3.41892
12170.5	3.41892
12198.6	3.41892
12226.7	3.41892
12254.9	3.41893
12283.2	3.41893
12311.5	3.41893
12339.8	3.41893
12368.3	3.41892
12396.8	3.41892
12425.4	3.41891
12454	3.4189
12482.7	3.41889
12511.5	3.41888
12540.4	3.41887
12569.3	3.41886
12598.2	3.41886
12627.3	3.41885
12656.4	3.41885
12685.6	3.41885
12714.8	3.41885
12744.1	3.41884
12773.5	3.41884
12802.9	3.41884
12832.5	3.41883
12862	3.41883
12891.7	3.41883
12921.4	3.41882
12951.2	3.41882
12981.1	3.41881
13011	3.41881
13041	3.41881
13071	3.4188
13101.2	3.4188
13131.4	3.4188
13161.6	3.41879
13192	3.41879
13222.4	3.41878
13252.9	3.41878
13283.4	3.41878
13314	3.41878
13344.7	3.41877
13375.5	3.41877
13406.3	3.41877
13437.2	3.41877
13468.2	3.41878
13499.3	3.41879
13530.4	3.4188
13561.6	3.41882
13592.8	3.41883
13624.2	3.41884
13655.6	3.41885
13687.1	3.41886
13718.6	3.41886
13750.2	3.41887
13781.9	3.41887
13813.7	3.41887
13845.5	3.41888
13877.5	3.41888
13909.4	3.41888
13941.5	3.41888
13973.7	3.41887
14005.9	3.41887
14038.2	3.41886
14070.5	3.41884
14102.9	3.41883
14135.5	3.41881
14168	3.41879
14200.7	3.41878
14233.4	3.41876
14266.3	3.41875
14299.1	3.41873
14332.1	3.41872
14365.1	3.4187
14398.3	3.41869
14431.4	3.41868
14464.7	3.41868
14498.1	3.41867
14531.5	3.41866
14565	3.41866
14598.6	3.41865
14632.2	3.41864
14665.9	3.41863
14699.7	3.41862
14733.6	3.41861
14767.6	3.4186
14801.6	3.41859
14835.8	3.41858
14870	3.41857
14904.2	3.41857
14938.6	3.41856
14973	3.41855
15007.6	3.41854
15042.1	3.41853
15076.8	3.41852
15111.6	3.41851
15146.4	3.41849
15181.3	3.41848
15216.3	3.41847
15251.4	3.41846
15286.6	3.41845
15321.8	3.41844
15357.1	3.41842
15392.5	3.41841
15428	3.41839
15463.6	3.41837
15499.2	3.41836
15535	3.41834
15570.8	3.41832
15606.7	3.41829
15642.6	3.41827
15678.7	3.41824
15714.8	3.4182
15751.1	3.41816
15787.4	3.41812
15823.8	3.41805
15860.2	3.41798
15896.8	3.41789
15933.5	3.41781
15970.2	3.41776
16007	3.41778
16043.9	3.41786
16080.9	3.41797
16118	3.41808
16155.1	3.41818
16192.3	3.41825
16229.7	3.41832
16267.1	3.41838
16304.6	3.41846
16342.2	3.41854
16379.8	3.41862
16417.6	3.41871
16455.5	3.41879
16493.4	3.41886
16531.4	3.41893
16569.5	3.41898
16607.7	3.41903
16646	3.41906
16684.4	3.41908
16722.8	3.41908
16761.4	3.41907
16800	3.41906
16838.8	3.41904
16877.6	3.41902
16916.5	3.41899
16955.5	3.41897
16994.6	3.41895
17033.7	3.41893
17073	3.41891
17112.4	3.41889
17151.8	3.41888
17191.3	3.41886
17231	3.41884
17270.7	3.41882
17310.5	3.41881
17350.4	3.41879
17390.4	3.41878
17430.5	3.41877
17470.7	3.41876
17511	3.41875
17551.3	3.41875
17591.8	3.41875
17632.3	3.41876
17673	3.41877
17713.7	3.41877
17754.6	3.41878
17795.5	3.41878
17836.5	3.41878
17877.6	3.41878
17918.8	3.41878
17960.1	3.41878
18001.5	3.41878
18043	3.41878
18084.6	3.41878
18126.3	3.41878
18168.1	3.41878
18210	3.41878
18252	3.41878
18294.1	3.41878
18336.2	3.41878
18378.5	3.41877
18420.9	3.41877
18463.3	3.41877
18505.9	3.41877
18548.5	3.41877
18591.3	3.41876
18634.2	3.41876
18677.1	3.41876
18720.2	3.41876
18763.3	3.41875
18806.6	3.41875
18849.9	3.41875
18893.4	3.41875
18936.9	3.41875
18980.6	3.41874
19024.4	3.41874
19068.2	3.41874
19112.2	3.41874
19156.2	3.41874
19200.4	3.41874
19244.6	3.41874
19289	3.41874
19333.5	3.41874
19378	3.41874
19422.7	3.41874
19467.5	3.41874
19512.4	3.41874
19557.3	3.41874
19602.4	3.41874
19647.6	3.41874
19692.9	3.41874
19738.3	3.41874
19783.8	3.41874
19829.4	3.41873
19875.1	3.41873
19920.9	3.41873
19966.9	3.41873
20012.9	3.41873
20059	3.41873
20105.3	3.41873
20151.6	3.41873
20198.1	3.41873
20244.6	3.41873
20291.3	3.41873
20338.1	3.41873
20385	3.41873
20432	3.41873
20479.1	3.41873
20526.3	3.41873
20573.6	3.41873
20621	3.41873
20668.5	3.41873
20716.2	3.41873
20763.9	3.41873
20811.8	3.41873
20859.8	3.41873
20907.9	3.41873
20956.1	3.41873
21004.4	3.41872
21052.8	3.41872
21101.3	3.41872
21150	3.41872
21198.7	3.41872
21247.6	3.41871
21296.6	3.41871
21345.7	3.41871
21394.9	3.41871
21444.2	3.4187
21493.6	3.4187
21543.2	3.4187
21592.8	3.41869
21642.6	3.41869
21692.5	3.41869
21742.5	3.41869
21792.6	3.41868
21842.9	3.41868
21893.2	3.41868
21943.7	3.41868
21994.3	3.41867
22045	3.41867
22095.8	3.41867
22146.7	3.41867
22197.8	3.41866
22249	3.41866
22300.3	3.41866
22351.7	3.41866
22403.2	3.41865
22454.8	3.41865
22506.6	3.41865
22558.5	3.41865
22610.5	3.41864
22662.6	3.41864
22714.9	3.41864
22767.2	3.41864
22819.7	3.41863
22872.3	3.41863
22925	3.41863
22977.9	3.41863
23030.8	3.41862
23083.9	3.41862
23137.2	3.41862
23190.5	3.41862
23243.9	3.41861
23297.5	3.41861
23351.2	3.41861
23405.1	3.4186
23459	3.4186
23513.1	3.4186
23567.3	3.4186
23621.6	3.41859
23676.1	3.41859
23730.7	3.41859
23785.4	3.41859
23840.2	3.41858
23895.2	3.41858
23950.2	3.41858
24005.5	3.41858
24060.8	3.41857
24116.3	3.41857
24171.8	3.41857
24227.6	3.41856
24283.4	3.41856
24339.4	3.41856
24395.5	3.41856
24451.7	3.41855
24508.1	3.41855
24564.6	3.41855
24621.2	3.41855
24678	3.41854
24734.9	3.41854
24791.9	3.41854
24849.1	3.41854
24906.3	3.41853
24963.8	3.41853
25021.3	3.41853
25079	3.41853
25136.8	3.41852
25194.7	3.41852
25252.8	3.41852
25311	3.41852
25369.4	3.41851
25427.9	3.41851
25486.5	3.41851
25545.2	3.41851
25604.1	3.4185
25663.1	3.4185
25722.3	3.4185
25781.6	3.4185
25841	3.41849
25900.6	3.41849
25960.3	3.41849
26020.2	3.41849
26080.1	3.41849
26140.3	3.41848
26200.5	3.41848
26260.9	3.41848
26321.5	3.41848
26382.1	3.41848
26442.9	3.41848
26503.9	3.41848
26565	3.41848
26626.2	3.41848
26687.6	3.41848
26749.1	3.41848
26810.8	3.41848
26872.6	3.41848
26934.6	3.41848
26996.7	3.41848
27058.9	3.41848
27121.3	3.41848
27183.8	3.41847
27246.4	3.41847
27309.3	3.41847
27372.2	3.41847
27435.3	3.41847
27498.6	3.41847
27561.9	3.41847
27625.5	3.41847
27689.2	3.41846
27753	3.41846
27817	3.41846
27881.1	3.41846
27945.4	3.41846
28009.8	3.41846
28074.4	3.41846
28139.1	3.41846
28203.9	3.41845
28269	3.41845
28334.1	3.41845
28399.4	3.41845
28464.9	3.41845
28530.5	3.41845
28596.3	3.41845
28662.2	3.41845
28728.3	3.41845
28794.5	3.41844
28860.9	3.41844
28927.4	3.41844
28994.1	3.41844
29061	3.41844
29127.9	3.41844
29195.1	3.41844
29262.4	3.41844
29329.9	3.41843
29397.5	3.41843
29465.2	3.41843
29533.2	3.41843
29601.2	3.41843
29669.5	3.41843
29737.9	3.41843
29806.4	3.41843
29875.1	3.41843
29944	3.41842
30013	3.41842
30082.2	3.41842
30151.6	3.41842
30221.1	3.41842
30290.7	3.41842
30360.6	3.41842
30430.6	3.41842
30500.7	3.41842
30571	3.41842
30641.5	3.41841
30712.1	3.41841
30782.9	3.41841
30853.9	3.41841
30925	3.41841
30996.3	3.41841
31067.8	3.41841
31139.4	3.41841
31211.2	3.4184
31283.1	3.4184
31355.2	3.4184
31427.5	3.4184
31500	3.4184
31572.6	3.4184
31645.3	3.4184
31718.3	3.4184
31791.4	3.4184
31864.7	3.4184
31938.2	3.4184
32011.8	3.4184
32085.6	3.4184
32159.5	3.41841
32233.7	3.41841
32308	3.41841
32382.5	3.41841
32457.1	3.4184
32531.9	3.4184
32606.9	3.4184
32682.1	3.4184
32757.4	3.4184
32832.9	3.4184
32908.6	3.4184
32984.5	3.4184
33060.5	3.4184
33136.7	3.4184
33213.1	3.4184
33289.7	3.4184
33366.4	3.4184
33443.4	3.4184
33520.5	3.41839
33597.7	3.41839
33675.2	3.41839
33752.8	3.41839
33830.6	3.41839
33908.6	3.41839
33986.8	3.41839
34065.1	3.41839
34143.6	3.41839
34222.4	3.41839
34301.2	3.41839
34380.3	3.41839
34459.6	3.41839
34539	3.41839
34618.6	3.41839
34698.4	3.41839
34778.4	3.41838
34858.6	3.41838
34939	3.41838
35019.5	3.41838
35100.2	3.41838
35181.1	3.41838
35262.2	3.41838
35343.5	3.41838
35425	3.41838
35506.7	3.41838
35588.5	3.41838
35670.6	3.41838
35752.8	3.41838
35835.2	3.41838
35917.8	3.41838
36000.6	3.41838
36083.6	3.41838
36166.8	3.41837
36250.2	3.41837
36333.7	3.41837
36417.5	3.41837
36501.4	3.41837
36585.6	3.41837
36669.9	3.41837
36754.4	3.41837
36839.2	3.41837
36924.1	3.41837
37009.2	3.41837
37094.5	3.41837
37180	3.41837
37265.8	3.41837
37351.7	3.41837
37437.8	3.41837
37524.1	3.41837
37610.6	3.41837
37697.3	3.41836
37784.2	3.41836
37871.3	3.41836
37958.6	3.41836
38046.1	3.41836
38133.8	3.41836
38221.7	3.41836
38309.8	3.41836
38398.1	3.41836
38486.6	3.41836
38575.4	3.41836
38664.3	3.41836
38753.4	3.41836
38842.7	3.41836
38932.3	3.41836
39022	3.41836
39112	3.41836
39202.1	3.41836
39292.5	3.41836
39383.1	3.41836
39473.9	3.41836
39564.9	3.41835
39656.1	3.41835
39747.5	3.41835
39839.1	3.41835
39931	3.41835
40023	3.41835
40115.3	3.41835
40207.8	3.41835
40300.4	3.41835
40393.4	3.41835
40486.5	3.41835
40579.8	3.41835
40673.3	3.41835
40767.1	3.41835
40861.1	3.41835
40955.3	3.41835
41049.7	3.41835
41144.3	3.41835
41239.2	3.41835
41334.2	3.41835
41429.5	3.41835
41525	3.41834
41620.7	3.41834
41716.7	3.41834
41812.9	3.41834
41909.2	3.41834
42005.9	3.41834
42102.7	3.41834
42199.8	3.41834
42297	3.41834
42394.5	3.41834
42492.3	3.41834
42590.2	3.41834
42688.4	3.41834
42786.8	3.41834
42885.4	3.41834
42984.3	3.41834
43083.4	3.41834
43182.7	3.41834
43282.3	3.41834
43382	3.41833
43482	3.41833
43582.3	3.41833
43682.7	3.41833
43783.4	3.41833
43884.4	3.41833
43985.5	3.41833
44086.9	3.41833
44188.6	3.41833
44290.4	3.41833
44392.5	3.41833
44494.9	3.41833
44597.4	3.41833
44700.2	3.41833
44803.3	3.41833
44906.6	3.41833
45010.1	3.41833
45113.8	3.41833
45217.8	3.41833
45322.1	3.41833
45426.6	3.41833
45531.3	3.41833
45636.2	3.41833
45741.4	3.41833
45846.9	3.41833
45952.6	3.41833
46058.5	3.41833
46164.7	3.41833
46271.1	3.41833
46377.8	3.41833
46484.7	3.41833
46591.8	3.41833
46699.2	3.41833
46806.9	3.41833
46914.8	3.41833
47023	3.41833
47131.3	3.41833
47240	3.41833
47348.9	3.41833
47458	3.41832
47567.5	3.41832
47677.1	3.41832
47787	3.41832
47897.2	3.41832
48007.6	3.41832
48118.3	3.41832
48229.2	3.41832
48340.4	3.41832
48451.8	3.41832
48563.5	3.41832
48675.4	3.41832
48787.6	3.41832
48900.1	3.41832
49012.8	3.41832
49125.8	3.41832
49239.1	3.41832
49352.6	3.41832
49466.4	3.41832
49580.4	3.41832
49694.7	3.41832
49809.2	3.41832
49924.1	3.41832
50039.1	3.41832
50154.5	3.41832
50270.1	3.41832
50386	3.41832
50502.2	3.41832
50618.6	3.41832
50735.3	3.41832
50852.2	3.41832
50969.4	3.41832
51086.9	3.41832
51204.7	3.41832
51322.7	3.41832
51441.1	3.41832
51559.6	3.41832
51678.5	3.41832
51797.6	3.41832
51917	3.41832
52036.7	3.41832
52156.7	3.41832
52276.9	3.41832
52397.4	3.41832
52518.2	3.41832
52639.3	3.41832
52760.6	3.41833
52882.2	3.41833
53004.2	3.41833
53126.3	3.41833
53248.8	3.41833
53371.6	3.41833
53494.6	3.41833
53617.9	3.41833
53741.5	3.41833
53865.4	3.41833
53989.6	3.41833
54114	3.41833
54238.8	3.41833
54363.8	3.41833
54489.1	3.41833
54614.7	3.41833
54740.6	3.41833
54866.8	3.41833
54993.3	3.41833
55120.1	3.41833
55247.1	3.41833
55374.5	3.41833
55502.2	3.41833
55630.1	3.41833
55758.3	3.41833
55886.9	3.41833
56015.7	3.41833
56144.8	3.41833
56274.3	3.41833
56404	3.41833
56534	3.41833
56664.3	3.41834
56795	3.41834
56925.9	3.41834
57057.1	3.41834
57188.7	3.41834
57320.5	3.41834
57452.6	3.41834
57585.1	3.41834
57717.8	3.41834
57850.9	3.41834
57984.2	3.41834
58117.9	3.41834
58251.9	3.41834
58386.2	3.41834
58520.7	3.41834
58655.7	3.41834
58790.9	3.41834
58926.4	3.41834
59062.2	3.41835
59198.4	3.41835
59334.9	3.41835
59471.6	3.41835
59608.7	3.41835
59746.1	3.41835
59883.9	3.41835
60021.9	3.41835
60160.3	3.41835
60299	3.41835
60438	3.41835
60577.3	3.41835
60716.9	3.41835
60856.9	3.41835
60997.2	3.41835
61137.8	3.41836
61278.7	3.41836
61420	3.41836
61561.6	3.41836
61703.5	3.41836
61845.8	3.41836
61988.3	3.41836
62131.2	3.41836
62274.4	3.41836
62418	3.41836
62561.9	3.41836
62706.1	3.41837
62850.7	3.41837
62995.6	3.41837
63140.8	3.41837
63286.3	3.41837
63432.2	3.41837
63578.4	3.41837
63725	3.41838
63871.9	3.41838
64019.1	3.41838
64166.7	3.41838
64314.6	3.41838
64462.9	3.41839
64611.5	3.41839
64760.5	3.41839
64909.7	3.41839
65059.4	3.4184
65209.4	3.4184
65359.7	3.4184
65510.3	3.4184
65661.4	3.4184
65812.7	3.41841
65964.4	3.41841
66116.5	3.41841
66268.9	3.41841
66421.7	3.41841
66574.8	3.41841
66728.3	3.41842
66882.1	3.41842
67036.3	3.41842
67190.8	3.41842
67345.7	3.41842
67500.9	3.41842
67656.6	3.41842
67812.5	3.41842
67968.8	3.41842
68125.5	3.41842
68282.6	3.41842
68440	3.41842
68597.8	3.41842
68755.9	3.41842
68914.4	3.41842
69073.2	3.41842
69232.5	3.41842
69392.1	3.41841
69552	3.41841
69712.4	3.41841
69873.1	3.41841
70034.2	3.41841
70195.6	3.41841
70357.4	3.41841
70519.6	3.41841
70682.2	3.41841
70845.1	3.41841
71008.4	3.41841
71172.1	3.41841
71336.2	3.41841
71500.6	3.41841
71665.5	3.41841
71830.7	3.41841
71996.3	3.41841
72162.2	3.41841
72328.6	3.41841
72495.3	3.41841
72662.4	3.41841
72829.9	3.41841
72997.8	3.41841
73166.1	3.4184
73334.8	3.4184
73503.8	3.4184
73673.3	3.4184
73843.1	3.4184
74013.3	3.4184
74183.9	3.4184
74354.9	3.4184
74526.4	3.4184
74698.2	3.4184
74870.4	3.4184
75042.9	3.4184
75215.9	3.4184
75389.3	3.4184
75563.1	3.4184
75737.3	3.4184
75911.9	3.4184
76086.9	3.4184
76262.3	3.4184
76438.1	3.4184
76614.3	3.41839
76790.9	3.41839
76967.9	3.41839
77145.4	3.41839
77323.2	3.41839
77501.5	3.41839
77680.1	3.41839
77859.2	3.41839
78038.7	3.41839
78218.6	3.41839
78398.9	3.41839
78579.6	3.41839
78760.8	3.41839
78942.3	3.41839
79124.3	3.41839
79306.7	3.41839
79489.5	3.41839
79672.8	3.41839
79856.4	3.41839
80040.5	3.4184
80225	3.4184
80410	3.4184
80595.3	3.4184
80781.1	3.4184
80967.3	3.4184
81154	3.4184
81341.1	3.4184
81528.6	3.4184
81716.5	3.41841
81904.9	3.41841
82093.7	3.41841
82283	3.41841
82472.6	3.41841
82662.8	3.41841
82853.3	3.41842
83044.3	3.41842
83235.7	3.41842
83427.6	3.41842
83619.9	3.41842
83812.7	3.41842
84005.9	3.41843
84199.6	3.41843
84393.7	3.41843
84588.2	3.41843
84783.2	3.41843
84978.7	3.41843
85174.6	3.41843
85370.9	3.41843
85567.7	3.41843
85765	3.41844
85962.7	3.41844
86160.8	3.41844
86359.5	3.41844
86558.5	3.41844
86758.1	3.41844
86958.1	3.41844
87158.5	3.41844
87359.4	3.41844
87560.8	3.41844
87762.7	3.41844
87965	3.41844
88167.8	3.41844
88371	3.41844
88574.7	3.41844
88778.9	3.41844
88983.6	3.41844
89188.7	3.41844
89394.3	3.41844
89600.4	3.41844
89806.9	3.41844
90014	3.41844
90221.5	3.41844
90429.4	3.41844
90637.9	3.41844
90846.9	3.41844
91056.3	3.41844
91266.2	3.41844
91476.6	3.41844
91687.4	3.41844
91898.8	3.41843
92110.7	3.41844
92323	3.41844
92535.8	3.41843
92749.1	3.41843
92962.9	3.41843
93177.2	3.41843
93392	3.41843
93607.3	3.41843
93823.1	3.41843
94039.4	3.41843
94256.2	3.41843
94473.5	3.41843
94691.3	3.41843
94909.5	3.41843
95128.3	3.41843
95347.6	3.41843
95567.4	3.41843
95787.7	3.41843
96008.5	3.41843
96229.9	3.41843
96451.7	3.41843
96674	3.41843
96896.9	3.41843
97120.3	3.41843
97344.2	3.41843
97568.6	3.41843
97793.5	3.41843
98018.9	3.41843
98244.9	3.41842
98471.3	3.41843
98698.3	3.41843
98925.9	3.41842
99153.9	3.41842
99382.5	3.41842
99611.6	3.41842
99841.2	3.41842
100071	3.41842
100302	3.41842
100533	3.41842
100765	3.41842
100997	3.41842
101230	3.41842
101464	3.41842
101697	3.41842
101932	3.41842
102167	3.41842
102402	3.41842
102638	3.41842
102875	3.41842
103112	3.41842
103350	3.41842
103588	3.41842
103827	3.41842
104066	3.41842
104306	3.41842
104547	3.41842
104788	3.41842
105029	3.41842
105271	3.41842
105514	3.41842
105757	3.41842
106001	3.41842
106245	3.41842
106490	3.41842
106736	3.41842
106982	3.41841
107228	3.41842
107476	3.41842
107723	3.41842
107972	3.41842
108221	3.41842
108470	3.41842
108720	3.41841
108971	3.41841
109222	3.41841
109474	3.41841
109726	3.41842
109979	3.41841
110233	3.41841
110487	3.41841
110741	3.41842
110997	3.41841
111253	3.41841
111509	3.41841
111766	3.41841
112024	3.41841
112282	3.41841
112541	3.41841
112800	3.41842
113060	3.41841
113321	3.41841
113582	3.41841
113844	3.41841
114106	3.41841
114369	3.41841
114633	3.41841
114897	3.41841
115162	3.41841
115428	3.41841
115694	3.41841
115960	3.41841
116228	3.41841
116496	3.41841
116764	3.41841
117033	3.41841
117303	3.41841
117574	3.41841
117845	3.41841
118116	3.41841
118389	3.41841
118662	3.41841
118935	3.41841
119209	3.41841
119484	3.41841
119759	3.41841
120036	3.41841
120312	3.41841
120590	3.41841
120868	3.41841
121146	3.41841
121425	3.41841
121705	3.41841
121986	3.41841
122267	3.41841
122549	3.41841
122832	3.41841
123115	3.41841
123398	3.41841
123683	3.41841
123968	3.41841
124254	3.41841
124540	3.41841
124827	3.41841
125115	3.41841
125404	3.41841
125693	3.41841
125982	3.41841
126273	3.41841
126564	3.41841
126856	3.41841
127148	3.41841
127441	3.41841
127735	3.41841
128029	3.41841
128325	3.41841
128620	3.41841
128917	3.41841
129214	3.41841
129512	3.41841
129811	3.41841
130110	3.41841
130410	3.41841
130710	3.41841
131012	3.41841
131314	3.41841
131616	3.41841
131920	3.4184
132224	3.41841
132529	3.41841
132834	3.41841
133140	3.4184
133447	3.41841
133755	3.41841
134063	3.41841
134372	3.4184
134682	3.4184
134993	3.41841
135304	3.41841
135616	3.41841
135928	3.41841
136242	3.41841
136556	3.41841
136871	3.41841
137186	3.4184
137502	3.41841
137819	3.41841
138137	3.41841
138455	3.4184
138775	3.4184
139094	3.41841
139415	3.41841
139737	3.4184
140059	3.4184
140382	3.41841
140705	3.4184
141029	3.41841
141355	3.41841
141680	3.4184
142007	3.41841
142334	3.41841
142663	3.4184
142991	3.4184
143321	3.41841
143651	3.4184
143983	3.4184
144314	3.41841
144647	3.4184
144981	3.4184
145315	3.4184
145650	3.4184
145986	3.41841
146322	3.41841
146659	3.4184
146997	3.4184
147336	3.41841
147676	3.41841
148016	3.4184
148358	3.4184
148700	3.4184
149042	3.4184
149386	3.4184
149730	3.4184
150076	3.4184
150421	3.41841
150768	3.4184
151116	3.4184
151464	3.41841
151813	3.4184
152163	3.4184
152514	3.4184
152866	3.4184
153218	3.41841
153571	3.41841
153925	3.41841
154280	3.4184
154636	3.4184
154992	3.4184
155350	3.4184
155708	3.4184
156067	3.4184
156426	3.4184
156787	3.4184
157148	3.4184
157511	3.4184
157874	3.4184
158238	3.4184
158602	3.4184
158968	3.4184
159335	3.4184
159702	3.4184
160070	3.4184
160439	3.4184
160809	3.4184
161180	3.4184
161551	3.4184
161923	3.41841
162297	3.4184
162671	3.4184
163046	3.4184
163422	3.41839
163798	3.4184
164176	3.41841
164555	3.4184
164934	3.4184
165314	3.4184
165695	3.4184
166077	3.4184
166460	3.4184
166844	3.4184
167228	3.4184
167614	3.4184
168000	3.4184
168388	3.4184
168776	3.4184
169165	3.4184
169555	3.4184
169946	3.4184
170337	3.4184
170730	3.4184
171124	3.4184
171518	3.4184
171913	3.41841
172310	3.4184
172707	3.4184
173105	3.41839
173504	3.4184
173904	3.4184
174305	3.41839
174707	3.4184
175110	3.4184
175513	3.4184
175918	3.41839
176323	3.4184
176730	3.4184
177137	3.41839
177546	3.4184
177955	3.4184
178365	3.4184
178776	3.4184
179188	3.4184
179601	3.41839
180015	3.4184
180430	3.4184
180846	3.4184
181263	3.4184
181681	3.41839
182100	3.4184
182520	3.4184
182941	3.4184
183362	3.41841
183785	3.4184
184209	3.41839
184633	3.4184
185059	3.4184
185485	3.4184
185913	3.4184
186342	3.4184
186771	3.4184
187202	3.4184
187633	3.4184
188066	3.4184
188499	3.4184
188934	3.41841
189369	3.41841
189806	3.4184
190244	3.41841
190682	3.4184
191122	3.41839
191562	3.4184
192004	3.4184
192446	3.4184
192890	3.4184
193335	3.4184
193780	3.4184
194227	3.41841
194675	3.4184
195124	3.4184
195573	3.4184
196024	3.41839
196476	3.4184
196929	3.4184
197383	3.4184
197838	3.41841
198294	3.4184
198751	3.4184
199209	3.4184
199669	3.41839
200129	3.4184
200590	3.4184
201053	3.41839
201516	3.4184
201981	3.4184
202446	3.4184
202913	3.4184
203381	3.41839
203850	3.41839
204320	3.41841
204791	3.4184
205263	3.41839
205736	3.4184
206210	3.4184
206685	3.41839
207162	3.41839
207639	3.4184
208118	3.41839
208598	3.41839
209079	3.4184
209561	3.41841
210044	3.4184
210528	3.4184
211013	3.4184
211500	3.41839
211987	3.41841
212476	3.4184
212966	3.41841
213457	3.4184
213949	3.41839
214442	3.41839
214936	3.41841
215432	3.4184
215928	3.41839
216426	3.4184
216925	3.4184
217425	3.4184
217926	3.41839
218429	3.41841
218932	3.41841
219437	3.41841
219943	3.41839
220450	3.4184
220958	3.41839
221467	3.4184
221978	3.4184
222490	3.41839
223003	3.4184
223517	3.4184
224032	3.41841
224548	3.4184
225066	3.4184
225585	3.4184
226105	3.41838
226626	3.4184
227149	3.41841
227672	3.41839
228197	3.4184
228723	3.41841
229250	3.41838
229779	3.4184
230308	3.41839
230839	3.41839
231372	3.41841
231905	3.41839
232439	3.4184
232975	3.41842
233512	3.41841
234051	3.41838
234590	3.41839
235131	3.4184
235673	3.4184
236216	3.4184
236761	3.41838
237307	3.4184
237854	3.4184
238402	3.41841
238952	3.41841
239502	3.41841
240055	3.41842
240608	3.41841
241163	3.4184
241718	3.41842
242276	3.41839
242834	3.4184
243394	3.41839
243955	3.41841
244517	3.41841
245081	3.4184
245646	3.41838
246212	3.41839
246780	3.41841
247349	3.41839
247919	3.41839
248491	3.41838
249063	3.41838
249638	3.41842
250213	3.4184
250790	3.41838
251368	3.41837
251947	3.41841
252528	3.4184
253110	3.4184
253694	3.41842
254279	3.41837
254865	3.4184
255452	3.41841
256041	3.41838
256631	3.41839
257223	3.41841
257816	3.41838
258410	3.41839
259006	3.41842
259603	3.4184
260202	3.41839
260801	3.41839
261403	3.4184
262005	3.4184
262609	3.4184
263215	3.41839
263821	3.41842
264429	3.4184
265039	3.41842
265650	3.41842
266262	3.41841
266876	3.41841
267491	3.41842
268108	3.41843
268726	3.41841
269346	3.41839
269967	3.4184
270589	3.41842
271213	3.41842
271838	3.41842
272464	3.4184
273093	3.41843
273722	3.41841
274353	3.4184
274986	3.41841
275619	3.41843
276255	3.41841
276892	3.41839
277530	3.41838
278170	3.41841
278811	3.41841
279454	3.4184
280098	3.41842
280744	3.4184
281391	3.41844
282039	3.41839
282690	3.4184
283341	3.4184
283994	3.41841
284649	3.4184
285305	3.4184
285963	3.41841
286622	3.4184
287283	3.41838
287945	3.41843
288609	3.41842
289274	3.4184
289941	3.41839
290610	3.41839
291279	3.4184
291951	3.41839
292624	3.41843
293299	3.4184
293975	3.41839
294652	3.41841
295332	3.41841
296012	3.41842
296695	3.41838
297379	3.4184
298064	3.41842
298751	3.4184
299440	3.41841
300130	3.41842
300822	3.41836
301516	3.41839
302211	3.41839
302907	3.41838
303606	3.41836
304306	3.41839
305007	3.41839
305710	3.41837
306415	3.41842
307121	3.41843
307829	3.41836
308539	3.4184
309250	3.41846
309963	3.41836
